level_1	Word	Document	n	N	m	totalDocs	TFIDF
1	dummy	0001	2	91	2	12	0.017102225283157003
2	type	0001	2	91	2	12	0.017102225283157003
3	typesetting	0001	2	91	2	12	0.017102225283157003
4	with	0001	2	91	4	12	0.010486181422410165
5	1960s	0001	1	91	2	12	0.008551112641578502
6	Aldus	0001	1	91	2	12	0.008551112641578502
7	Letraset	0001	1	91	2	12	0.008551112641578502
8	PageMaker	0001	1	91	2	12	0.008551112641578502
9	an	0001	1	91	2	12	0.008551112641578502
10	been	0001	1	91	2	12	0.008551112641578502
11	centuries	0001	1	91	2	12	0.008551112641578502
12	containing	0001	1	91	2	12	0.008551112641578502
13	electronic	0001	1	91	2	12	0.008551112641578502
14	essentially	0001	1	91	2	12	0.008551112641578502
15	ever	0001	1	91	2	12	0.008551112641578502
1	45	0002	2	129	2	12	0.012064360471064243
2	BC	0002	2	129	2	12	0.012064360471064243
3	classical	0002	2	129	2	12	0.012064360471064243
4	comes	0002	2	129	2	12	0.012064360471064243
5	line	0002	2	129	2	12	0.012064360471064243
6	literature	0002	2	129	2	12	0.012064360471064243
7	popular	0002	2	129	2	12	0.012064360471064243
8	Latin	0002	3	129	4	12	0.011095843133015405
9	from	0002	4	129	6	12	0.009334263431441277
10	11032	0002	2	129	4	12	0.007397228755343603
11	a	0002	5	129	8	12	0.006825242599057412
12	2000	0002	1	129	2	12	0.006032180235532121
13	College	0002	1	129	2	12	0.006032180235532121
14	Contrary	0002	1	129	2	12	0.006032180235532121
15	Evil	0002	1	129	2	12	0.006032180235532121
1	reproduced	0003	2	47	2	12	0.03311281916526143
2	1914	0003	1	47	2	12	0.016556409582630716
3	H	0003	1	47	2	12	0.016556409582630716
4	Rackham	0003	1	47	2	12	0.016556409582630716
5	Sections	0003	1	47	2	12	0.016556409582630716
6	accompanied	0003	1	47	2	12	0.016556409582630716
7	below	0003	1	47	2	12	0.016556409582630716
8	chunk	0003	1	47	2	12	0.016556409582630716
9	exact	0003	1	47	2	12	0.016556409582630716
10	interested	0003	1	47	2	12	0.016556409582630716
11	original	0003	1	47	2	12	0.016556409582630716
12	those	0003	1	47	2	12	0.016556409582630716
13	translation	0003	1	47	2	12	0.016556409582630716
14	used	0003	1	47	2	12	0.016556409582630716
15	from	0003	2	47	6	12	0.012809787049531115
1	content	0004	2	104	2	12	0.014964447122762379
2	here	0004	2	104	2	12	0.014964447122762379
3	page	0004	2	104	2	12	0.014964447122762379
4	readable	0004	2	104	2	12	0.014964447122762379
5	sometimes	0004	2	104	2	12	0.014964447122762379
6	that	0004	2	104	2	12	0.014964447122762379
7	using	0004	2	104	2	12	0.014964447122762379
8	web	0004	2	104	2	12	0.014964447122762379
9	will	0004	2	104	2	12	0.014964447122762379
10	as	0004	2	104	4	12	0.009175408744608893
11	like	0004	2	104	4	12	0.009175408744608893
12	their	0004	2	104	4	12	0.009175408744608893
13	a	0004	5	104	8	12	0.008465925916138522
14	Content	0004	1	104	2	12	0.0074822235613811895
15	Many	0004	1	104	2	12	0.0074822235613811895
1	Internet	0005	2	121	2	12	0.012862004138572622
2	or	0005	2	121	2	12	0.012862004138572622
3	which	0005	2	121	2	12	0.012862004138572622
4	you	0005	2	121	2	12	0.012862004138572622
5	words	0005	3	121	4	12	0.011829452596355268
6	are	0005	2	121	4	12	0.007886301730903511
7	humour	0005	2	121	4	12	0.007886301730903511
8	injected	0005	2	121	4	12	0.007886301730903511
9	200	0005	1	121	2	12	0.006431002069286311
10	All	0005	1	121	2	12	0.006431002069286311
11	If	0005	1	121	2	12	0.006431002069286311
12	There	0005	1	121	2	12	0.006431002069286311
13	alteration	0005	1	121	2	12	0.006431002069286311
14	always	0005	1	121	2	12	0.006431002069286311
15	anything	0005	1	121	2	12	0.006431002069286311
1	semper	0006	3	134	1	12	0.02416077416524533
2	nisi	0006	4	134	2	12	0.023228395533840106
3	amet	0006	6	134	4	12	0.02136363827102966
4	sit	0006	6	134	4	12	0.02136363827102966
5	Cras	0006	3	134	2	12	0.01742129665038008
6	magna	0006	3	134	2	12	0.01742129665038008
7	Duis	0006	2	134	1	12	0.016107182776830223
8	Vestibulum	0006	2	134	1	12	0.016107182776830223
9	convallis	0006	2	134	1	12	0.016107182776830223
10	elit	0006	2	134	1	12	0.016107182776830223
11	luctus	0006	2	134	1	12	0.016107182776830223
12	nunc	0006	2	134	1	12	0.016107182776830223
13	orci	0006	2	134	1	12	0.016107182776830223
14	posuere	0006	2	134	1	12	0.016107182776830223
15	ultrices	0006	2	134	1	12	0.016107182776830223
1	augue	0007	3	99	2	12	0.023580340920716474
2	diam	0007	3	99	2	12	0.023580340920716474
3	fermentum	0007	2	99	1	12	0.021801641334295453
4	sollicitudin	0007	2	99	1	12	0.021801641334295453
5	ut	0007	2	99	1	12	0.021801641334295453
6	Cras	0007	2	99	2	12	0.01572022728047765
7	Donec	0007	2	99	2	12	0.01572022728047765
8	faucibus	0007	2	99	2	12	0.01572022728047765
9	gravida	0007	2	99	2	12	0.01572022728047765
10	imperdiet	0007	2	99	2	12	0.01572022728047765
11	mi	0007	2	99	2	12	0.01572022728047765
12	nisi	0007	2	99	2	12	0.01572022728047765
13	nisl	0007	2	99	2	12	0.01572022728047765
14	non	0007	2	99	2	12	0.01572022728047765
15	sed	0007	2	99	2	12	0.01572022728047765
1	dummy	0008	2	91	2	12	0.017102225283157003
2	type	0008	2	91	2	12	0.017102225283157003
3	typesetting	0008	2	91	2	12	0.017102225283157003
4	with	0008	2	91	4	12	0.010486181422410165
5	1960s	0008	1	91	2	12	0.008551112641578502
6	Aldus	0008	1	91	2	12	0.008551112641578502
7	Letraset	0008	1	91	2	12	0.008551112641578502
8	PageMaker	0008	1	91	2	12	0.008551112641578502
9	an	0008	1	91	2	12	0.008551112641578502
10	been	0008	1	91	2	12	0.008551112641578502
11	centuries	0008	1	91	2	12	0.008551112641578502
12	containing	0008	1	91	2	12	0.008551112641578502
13	electronic	0008	1	91	2	12	0.008551112641578502
14	essentially	0008	1	91	2	12	0.008551112641578502
15	ever	0008	1	91	2	12	0.008551112641578502
1	45	0009	2	129	2	12	0.012064360471064243
2	BC	0009	2	129	2	12	0.012064360471064243
3	classical	0009	2	129	2	12	0.012064360471064243
4	comes	0009	2	129	2	12	0.012064360471064243
5	line	0009	2	129	2	12	0.012064360471064243
6	literature	0009	2	129	2	12	0.012064360471064243
7	popular	0009	2	129	2	12	0.012064360471064243
8	Latin	0009	3	129	4	12	0.011095843133015405
9	from	0009	4	129	6	12	0.009334263431441277
10	11032	0009	2	129	4	12	0.007397228755343603
11	a	0009	5	129	8	12	0.006825242599057412
12	2000	0009	1	129	2	12	0.006032180235532121
13	College	0009	1	129	2	12	0.006032180235532121
14	Contrary	0009	1	129	2	12	0.006032180235532121
15	Evil	0009	1	129	2	12	0.006032180235532121
1	reproduced	0010	2	47	2	12	0.03311281916526143
2	1914	0010	1	47	2	12	0.016556409582630716
3	H	0010	1	47	2	12	0.016556409582630716
4	Rackham	0010	1	47	2	12	0.016556409582630716
5	Sections	0010	1	47	2	12	0.016556409582630716
6	accompanied	0010	1	47	2	12	0.016556409582630716
7	below	0010	1	47	2	12	0.016556409582630716
8	chunk	0010	1	47	2	12	0.016556409582630716
9	exact	0010	1	47	2	12	0.016556409582630716
10	interested	0010	1	47	2	12	0.016556409582630716
11	original	0010	1	47	2	12	0.016556409582630716
12	those	0010	1	47	2	12	0.016556409582630716
13	translation	0010	1	47	2	12	0.016556409582630716
14	used	0010	1	47	2	12	0.016556409582630716
15	from	0010	2	47	6	12	0.012809787049531115
1	content	0011	2	104	2	12	0.014964447122762379
2	here	0011	2	104	2	12	0.014964447122762379
3	page	0011	2	104	2	12	0.014964447122762379
4	readable	0011	2	104	2	12	0.014964447122762379
5	sometimes	0011	2	104	2	12	0.014964447122762379
6	that	0011	2	104	2	12	0.014964447122762379
7	using	0011	2	104	2	12	0.014964447122762379
8	web	0011	2	104	2	12	0.014964447122762379
9	will	0011	2	104	2	12	0.014964447122762379
10	as	0011	2	104	4	12	0.009175408744608893
11	like	0011	2	104	4	12	0.009175408744608893
12	their	0011	2	104	4	12	0.009175408744608893
13	a	0011	5	104	8	12	0.008465925916138522
14	Content	0011	1	104	2	12	0.0074822235613811895
15	Many	0011	1	104	2	12	0.0074822235613811895
1	Internet	0012	2	121	2	12	0.012862004138572622
2	or	0012	2	121	2	12	0.012862004138572622
3	which	0012	2	121	2	12	0.012862004138572622
4	you	0012	2	121	2	12	0.012862004138572622
5	words	0012	3	121	4	12	0.011829452596355268
6	are	0012	2	121	4	12	0.007886301730903511
7	humour	0012	2	121	4	12	0.007886301730903511
8	injected	0012	2	121	4	12	0.007886301730903511
9	200	0012	1	121	2	12	0.006431002069286311
10	All	0012	1	121	2	12	0.006431002069286311
11	If	0012	1	121	2	12	0.006431002069286311
12	There	0012	1	121	2	12	0.006431002069286311
13	alteration	0012	1	121	2	12	0.006431002069286311
14	always	0012	1	121	2	12	0.006431002069286311
15	anything	0012	1	121	2	12	0.006431002069286311
