	Word	Document	n	N	m	totalDocs	TFIDF
0	11032	0002	2	129	4	12	0.007397228755343603
1	11032	0003	1	47	4	12	0.010151516057865158
2	11032	0009	2	129	4	12	0.007397228755343603
3	11032	0010	1	47	4	12	0.010151516057865158
4	11033	0002	1	129	4	12	0.0036986143776718016
5	11033	0003	1	47	4	12	0.010151516057865158
6	11033	0009	1	129	4	12	0.0036986143776718016
7	11033	0010	1	47	4	12	0.010151516057865158
8	1500s	0001	1	91	4	12	0.005243090711205082
9	1500s	0003	1	47	4	12	0.010151516057865158
10	1500s	0008	1	91	4	12	0.005243090711205082
11	1500s	0010	1	47	4	12	0.010151516057865158
12	1914	0003	1	47	2	12	0.016556409582630716
13	1914	0010	1	47	2	12	0.016556409582630716
14	1960s	0001	1	91	2	12	0.008551112641578502
15	1960s	0008	1	91	2	12	0.008551112641578502
16	200	0005	1	121	2	12	0.006431002069286311
17	200	0012	1	121	2	12	0.006431002069286311
18	2000	0002	1	129	2	12	0.006032180235532121
19	2000	0009	1	129	2	12	0.006032180235532121
20	45	0002	2	129	2	12	0.012064360471064243
21	45	0009	2	129	2	12	0.012064360471064243
22	Aldus	0001	1	91	2	12	0.008551112641578502
23	Aldus	0008	1	91	2	12	0.008551112641578502
24	Aliquam	0006	1	134	2	12	0.005807098883460027
25	Aliquam	0007	1	99	2	12	0.007860113640238826
26	All	0005	1	121	2	12	0.006431002069286311
27	All	0012	1	121	2	12	0.006431002069286311
28	BC	0002	2	129	2	12	0.012064360471064243
29	BC	0009	2	129	2	12	0.012064360471064243
30	Bonorum	0002	1	129	4	12	0.0036986143776718016
31	Bonorum	0003	1	47	4	12	0.010151516057865158
32	Bonorum	0009	1	129	4	12	0.0036986143776718016
33	Bonorum	0010	1	47	4	12	0.010151516057865158
34	Cicero	0002	1	129	4	12	0.0036986143776718016
35	Cicero	0003	1	47	4	12	0.010151516057865158
36	Cicero	0009	1	129	4	12	0.0036986143776718016
37	Cicero	0010	1	47	4	12	0.010151516057865158
38	College	0002	1	129	2	12	0.006032180235532121
39	College	0009	1	129	2	12	0.006032180235532121
40	Content	0004	1	104	2	12	0.0074822235613811895
41	Content	0011	1	104	2	12	0.0074822235613811895
42	Contrary	0002	1	129	2	12	0.006032180235532121
43	Contrary	0009	1	129	2	12	0.006032180235532121
44	Cras	0006	3	134	2	12	0.01742129665038008
45	Cras	0007	2	99	2	12	0.01572022728047765
46	Curabitur	0007	1	99	1	12	0.010900820667147726
47	Curae	0006	1	134	1	12	0.008053591388415111
48	Donec	0006	2	134	2	12	0.011614197766920053
49	Donec	0007	2	99	2	12	0.01572022728047765
50	Duis	0006	2	134	1	12	0.016107182776830223
51	English	0003	1	47	4	12	0.010151516057865158
52	English	0004	1	104	4	12	0.0045877043723044466
53	English	0010	1	47	4	12	0.010151516057865158
54	English	0011	1	104	4	12	0.0045877043723044466
55	Evil	0002	1	129	2	12	0.006032180235532121
56	Evil	0009	1	129	2	12	0.006032180235532121
57	Extremes	0002	1	129	2	12	0.006032180235532121
58	Extremes	0009	1	129	2	12	0.006032180235532121
59	Finibus	0002	1	129	4	12	0.0036986143776718016
60	Finibus	0003	1	47	4	12	0.010151516057865158
61	Finibus	0009	1	129	4	12	0.0036986143776718016
62	Finibus	0010	1	47	4	12	0.010151516057865158
63	Good	0002	1	129	2	12	0.006032180235532121
64	Good	0009	1	129	2	12	0.006032180235532121
65	H	0003	1	47	2	12	0.016556409582630716
66	H	0010	1	47	2	12	0.016556409582630716
67	HampdenSydney	0002	1	129	2	12	0.006032180235532121
68	HampdenSydney	0009	1	129	2	12	0.006032180235532121
69	If	0005	1	121	2	12	0.006431002069286311
70	If	0012	1	121	2	12	0.006431002069286311
71	Internet	0005	2	121	2	12	0.012862004138572622
72	Internet	0012	2	121	2	12	0.012862004138572622
73	Ipsum	0001	4	91	10	12	0.0034804943317637287
74	Ipsum	0002	4	129	10	12	0.0024552324355852657
75	Ipsum	0003	1	47	10	12	0.0016847073627154216
76	Ipsum	0004	2	104	10	12	0.001522716270146631
77	Ipsum	0005	5	121	10	12	0.0032719523160175544
78	Ipsum	0008	4	91	10	12	0.0034804943317637287
79	Ipsum	0009	4	129	10	12	0.0024552324355852657
80	Ipsum	0010	1	47	10	12	0.0016847073627154216
81	Ipsum	0011	2	104	10	12	0.001522716270146631
82	Ipsum	0012	5	121	10	12	0.0032719523160175544
83	It	0001	2	91	8	12	0.0038701375616633244
84	It	0002	1	129	8	12	0.0013650485198114825
85	It	0004	1	104	8	12	0.0016931851832277043
86	It	0005	1	121	8	12	0.0014552996616172004
87	It	0008	2	91	8	12	0.0038701375616633244
88	It	0009	1	129	8	12	0.0013650485198114825
89	It	0011	1	104	8	12	0.0016931851832277043
90	It	0012	1	121	8	12	0.0014552996616172004
91	Latin	0002	3	129	4	12	0.011095843133015405
92	Latin	0005	1	121	4	12	0.003943150865451756
93	Latin	0009	3	129	4	12	0.011095843133015405
94	Latin	0012	1	121	4	12	0.003943150865451756
95	Letraset	0001	1	91	2	12	0.008551112641578502
96	Letraset	0008	1	91	2	12	0.008551112641578502
97	Lorem	0001	4	91	11	12	0.0016610356434900993
98	Lorem	0002	5	129	11	12	0.001464672902689913
99	Lorem	0003	1	47	11	12	0.000804011933817016
100	Lorem	0004	2	104	11	12	0.0007267030940269184
101	Lorem	0005	5	121	11	12	0.0015615107805537088
102	Lorem	0006	1	134	11	12	0.0002820041857417892
103	Lorem	0008	4	91	11	12	0.0016610356434900993
104	Lorem	0009	5	129	11	12	0.001464672902689913
105	Lorem	0010	1	47	11	12	0.000804011933817016
106	Lorem	0011	2	104	11	12	0.0007267030940269184
107	Lorem	0012	5	121	11	12	0.0015615107805537088
108	Maecenas	0007	1	99	1	12	0.010900820667147726
109	Malorum	0002	1	129	4	12	0.0036986143776718016
110	Malorum	0003	1	47	4	12	0.010151516057865158
111	Malorum	0009	1	129	4	12	0.0036986143776718016
112	Malorum	0010	1	47	4	12	0.010151516057865158
113	Many	0004	1	104	2	12	0.0074822235613811895
114	Many	0011	1	104	2	12	0.0074822235613811895
115	Mauris	0007	1	99	1	12	0.010900820667147726
116	McClintock	0002	1	129	2	12	0.006032180235532121
117	McClintock	0009	1	129	2	12	0.006032180235532121
118	Nulla	0006	1	134	2	12	0.005807098883460027
119	Nulla	0007	1	99	2	12	0.007860113640238826
120	Nunc	0007	1	99	1	12	0.010900820667147726
121	PageMaker	0001	1	91	2	12	0.008551112641578502
122	PageMaker	0008	1	91	2	12	0.008551112641578502
123	Pellentesque	0006	1	134	1	12	0.008053591388415111
124	Praesent	0006	1	134	1	12	0.008053591388415111
125	Rackham	0003	1	47	2	12	0.016556409582630716
126	Rackham	0010	1	47	2	12	0.016556409582630716
127	Renaissance	0002	1	129	2	12	0.006032180235532121
128	Renaissance	0009	1	129	2	12	0.006032180235532121
129	Richard	0002	1	129	2	12	0.006032180235532121
130	Richard	0009	1	129	2	12	0.006032180235532121
131	Sections	0003	1	47	2	12	0.016556409582630716
132	Sections	0010	1	47	2	12	0.016556409582630716
133	Sed	0007	1	99	1	12	0.010900820667147726
134	Suspendisse	0006	1	134	2	12	0.005807098883460027
135	Suspendisse	0007	1	99	2	12	0.007860113640238826
136	The	0002	2	129	8	12	0.002730097039622965
137	The	0003	1	47	8	12	0.0037466225330996007
138	The	0004	1	104	8	12	0.0016931851832277043
139	The	0005	1	121	8	12	0.0014552996616172004
140	The	0009	2	129	8	12	0.002730097039622965
141	The	0010	1	47	8	12	0.0037466225330996007
142	The	0011	1	104	8	12	0.0016931851832277043
143	The	0012	1	121	8	12	0.0014552996616172004
144	There	0005	1	121	2	12	0.006431002069286311
145	There	0012	1	121	2	12	0.006431002069286311
146	This	0002	1	129	2	12	0.006032180235532121
147	This	0009	1	129	2	12	0.006032180235532121
148	Ut	0006	1	134	1	12	0.008053591388415111
149	Various	0004	1	104	2	12	0.0074822235613811895
150	Various	0011	1	104	2	12	0.0074822235613811895
151	Vestibulum	0006	2	134	1	12	0.016107182776830223
152	Virginia	0002	1	129	2	12	0.006032180235532121
153	Virginia	0009	1	129	2	12	0.006032180235532121
154	a	0001	2	91	8	12	0.0038701375616633244
155	a	0002	5	129	8	12	0.006825242599057412
156	a	0004	5	104	8	12	0.008465925916138522
157	a	0005	3	121	8	12	0.004365898984851601
158	a	0008	2	91	8	12	0.0038701375616633244
159	a	0009	5	129	8	12	0.006825242599057412
160	a	0011	5	104	8	12	0.008465925916138522
161	a	0012	3	121	8	12	0.004365898984851601
162	ac	0006	2	134	2	12	0.011614197766920053
163	ac	0007	1	99	2	12	0.007860113640238826
164	accident	0004	1	104	2	12	0.0074822235613811895
165	accident	0011	1	104	2	12	0.0074822235613811895
166	accompanied	0003	1	47	2	12	0.016556409582630716
167	accompanied	0010	1	47	2	12	0.016556409582630716
168	adipiscing	0006	1	134	1	12	0.008053591388415111
169	aliquet	0006	2	134	2	12	0.011614197766920053
170	aliquet	0007	1	99	2	12	0.007860113640238826
171	also	0001	1	91	4	12	0.005243090711205082
172	also	0003	1	47	4	12	0.010151516057865158
173	also	0008	1	91	4	12	0.005243090711205082
174	also	0010	1	47	4	12	0.010151516057865158
175	alteration	0005	1	121	2	12	0.006431002069286311
176	alteration	0012	1	121	2	12	0.006431002069286311
177	always	0005	1	121	2	12	0.006431002069286311
178	always	0012	1	121	2	12	0.006431002069286311
179	amet	0002	1	129	4	12	0.0036986143776718016
180	amet	0006	6	134	4	12	0.02136363827102966
181	amet	0007	1	99	4	12	0.004819406613329924
182	amet	0009	1	129	4	12	0.0036986143776718016
183	an	0001	1	91	2	12	0.008551112641578502
184	an	0008	1	91	2	12	0.008551112641578502
185	and	0001	3	91	8	12	0.005805206342494986
186	and	0002	3	129	8	12	0.004095145559434447
187	and	0003	1	47	8	12	0.0037466225330996007
188	and	0004	3	104	8	12	0.005079555549683113
189	and	0008	3	91	8	12	0.005805206342494986
190	and	0009	3	129	8	12	0.004095145559434447
191	and	0010	1	47	8	12	0.0037466225330996007
192	and	0011	3	104	8	12	0.005079555549683113
193	ante	0006	2	134	2	12	0.011614197766920053
194	ante	0007	1	99	2	12	0.007860113640238826
195	anything	0005	1	121	2	12	0.006431002069286311
196	anything	0012	1	121	2	12	0.006431002069286311
197	arcu	0006	1	134	2	12	0.005807098883460027
198	arcu	0007	1	99	2	12	0.007860113640238826
199	are	0003	1	47	4	12	0.010151516057865158
200	are	0005	2	121	4	12	0.007886301730903511
201	are	0010	1	47	4	12	0.010151516057865158
202	are	0012	2	121	4	12	0.007886301730903511
203	as	0004	2	104	4	12	0.009175408744608893
204	as	0005	1	121	4	12	0.003943150865451756
205	as	0011	2	104	4	12	0.009175408744608893
206	as	0012	1	121	4	12	0.003943150865451756
207	at	0002	1	129	5	12	0.0029473739667566358
208	at	0004	1	104	5	12	0.003655877324150058
209	at	0006	1	134	5	12	0.002837397326206015
210	at	0009	1	129	5	12	0.0029473739667566358
211	at	0011	1	104	5	12	0.003655877324150058
212	augue	0006	1	134	2	12	0.005807098883460027
213	augue	0007	3	99	2	12	0.023580340920716474
214	available	0005	1	121	2	12	0.006431002069286311
215	available	0012	1	121	2	12	0.006431002069286311
216	be	0004	1	104	4	12	0.0045877043723044466
217	be	0005	1	121	4	12	0.003943150865451756
218	be	0011	1	104	4	12	0.0045877043723044466
219	be	0012	1	121	4	12	0.003943150865451756
220	been	0001	1	91	2	12	0.008551112641578502
221	been	0008	1	91	2	12	0.008551112641578502
222	belief	0002	1	129	2	12	0.006032180235532121
223	belief	0009	1	129	2	12	0.006032180235532121
224	believable	0005	1	121	2	12	0.006431002069286311
225	believable	0012	1	121	2	12	0.006431002069286311
226	below	0003	1	47	2	12	0.016556409582630716
227	below	0010	1	47	2	12	0.016556409582630716
228	bibendum	0006	1	134	1	12	0.008053591388415111
229	book	0001	1	91	4	12	0.005243090711205082
230	book	0002	1	129	4	12	0.0036986143776718016
231	book	0008	1	91	4	12	0.005243090711205082
232	book	0009	1	129	4	12	0.0036986143776718016
233	but	0001	1	91	4	12	0.005243090711205082
234	but	0005	1	121	4	12	0.003943150865451756
235	but	0008	1	91	4	12	0.005243090711205082
236	but	0012	1	121	4	12	0.003943150865451756
237	by	0002	1	129	8	12	0.0013650485198114825
238	by	0003	3	47	8	12	0.011239867599298802
239	by	0004	2	104	8	12	0.0033863703664554086
240	by	0005	1	121	8	12	0.0014552996616172004
241	by	0009	1	129	8	12	0.0013650485198114825
242	by	0010	3	47	8	12	0.011239867599298802
243	by	0011	2	104	8	12	0.0033863703664554086
244	by	0012	1	121	8	12	0.0014552996616172004
245	centuries	0001	1	91	2	12	0.008551112641578502
246	centuries	0008	1	91	2	12	0.008551112641578502
247	chunk	0003	1	47	2	12	0.016556409582630716
248	chunk	0010	1	47	2	12	0.016556409582630716
249	chunks	0005	1	121	2	12	0.006431002069286311
250	chunks	0012	1	121	2	12	0.006431002069286311
251	cites	0002	1	129	2	12	0.006032180235532121
252	cites	0009	1	129	2	12	0.006032180235532121
253	classical	0002	2	129	2	12	0.012064360471064243
254	classical	0009	2	129	2	12	0.012064360471064243
255	combined	0005	1	121	2	12	0.006431002069286311
256	combined	0012	1	121	2	12	0.006431002069286311
257	comes	0002	2	129	2	12	0.012064360471064243
258	comes	0009	2	129	2	12	0.012064360471064243
259	commodo	0006	1	134	1	12	0.008053591388415111
260	condimentum	0007	1	99	1	12	0.010900820667147726
261	congue	0007	1	99	1	12	0.010900820667147726
262	consectetur	0002	1	129	3	12	0.004667131715720639
263	consectetur	0006	2	134	3	12	0.008985970019820334
264	consectetur	0009	1	129	3	12	0.004667131715720639
265	consequat	0006	1	134	1	12	0.008053591388415111
266	containing	0001	1	91	2	12	0.008551112641578502
267	containing	0008	1	91	2	12	0.008551112641578502
268	content	0004	2	104	2	12	0.014964447122762379
269	content	0011	2	104	2	12	0.014964447122762379
270	convallis	0006	2	134	1	12	0.016107182776830223
271	cubilia	0006	1	134	1	12	0.008053591388415111
272	cursus	0006	1	134	1	12	0.008053591388415111
273	dapibus	0006	1	134	2	12	0.005807098883460027
274	dapibus	0007	1	99	2	12	0.007860113640238826
275	de	0002	1	129	4	12	0.0036986143776718016
276	de	0003	1	47	4	12	0.010151516057865158
277	de	0009	1	129	4	12	0.0036986143776718016
278	de	0010	1	47	4	12	0.010151516057865158
279	default	0004	1	104	2	12	0.0074822235613811895
280	default	0011	1	104	2	12	0.0074822235613811895
281	desktop	0001	1	91	4	12	0.005243090711205082
282	desktop	0004	1	104	4	12	0.0045877043723044466
283	desktop	0008	1	91	4	12	0.005243090711205082
284	desktop	0011	1	104	4	12	0.0045877043723044466
285	diam	0006	1	134	2	12	0.005807098883460027
286	diam	0007	3	99	2	12	0.023580340920716474
287	dictionary	0005	1	121	2	12	0.006431002069286311
288	dictionary	0012	1	121	2	12	0.006431002069286311
289	dictum	0006	1	134	1	12	0.008053591388415111
290	discovered	0002	1	129	2	12	0.006032180235532121
291	discovered	0009	1	129	2	12	0.006032180235532121
292	distracted	0004	1	104	2	12	0.0074822235613811895
293	distracted	0011	1	104	2	12	0.0074822235613811895
294	distribution	0004	1	104	2	12	0.0074822235613811895
295	distribution	0011	1	104	2	12	0.0074822235613811895
296	dolor	0002	1	129	4	12	0.0036986143776718016
297	dolor	0006	1	134	4	12	0.0035606063785049435
298	dolor	0007	1	99	4	12	0.004819406613329924
299	dolor	0009	1	129	4	12	0.0036986143776718016
300	dont	0005	1	121	2	12	0.006431002069286311
301	dont	0012	1	121	2	12	0.006431002069286311
302	dui	0006	1	134	1	12	0.008053591388415111
303	dummy	0001	2	91	2	12	0.017102225283157003
304	dummy	0008	2	91	2	12	0.017102225283157003
305	during	0002	1	129	2	12	0.006032180235532121
306	during	0009	1	129	2	12	0.006032180235532121
307	editors	0004	1	104	2	12	0.0074822235613811895
308	editors	0011	1	104	2	12	0.0074822235613811895
309	electronic	0001	1	91	2	12	0.008551112641578502
310	electronic	0008	1	91	2	12	0.008551112641578502
311	elementum	0007	1	99	1	12	0.010900820667147726
312	elit	0006	2	134	1	12	0.016107182776830223
313	embarrassing	0005	1	121	2	12	0.006431002069286311
314	embarrassing	0012	1	121	2	12	0.006431002069286311
315	eros	0007	1	99	1	12	0.010900820667147726
316	essentially	0001	1	91	2	12	0.008551112641578502
317	essentially	0008	1	91	2	12	0.008551112641578502
318	est	0007	1	99	1	12	0.010900820667147726
319	established	0004	1	104	2	12	0.0074822235613811895
320	established	0011	1	104	2	12	0.0074822235613811895
321	et	0002	1	129	6	12	0.0023335658578603194
322	et	0003	1	47	6	12	0.0064048935247655574
323	et	0006	3	134	6	12	0.00673947751486525
324	et	0007	2	99	6	12	0.006081414053817803
325	et	0009	1	129	6	12	0.0023335658578603194
326	et	0010	1	47	6	12	0.0064048935247655574
327	etc	0005	1	121	2	12	0.006431002069286311
328	etc	0012	1	121	2	12	0.006431002069286311
329	ethics	0002	1	129	2	12	0.006032180235532121
330	ethics	0009	1	129	2	12	0.006032180235532121
331	eu	0006	2	134	2	12	0.011614197766920053
332	eu	0007	1	99	2	12	0.007860113640238826
333	euismod	0007	1	99	1	12	0.010900820667147726
334	even	0005	1	121	2	12	0.006431002069286311
335	even	0012	1	121	2	12	0.006431002069286311
336	ever	0001	1	91	2	12	0.008551112641578502
337	ever	0008	1	91	2	12	0.008551112641578502
338	evolved	0004	1	104	2	12	0.0074822235613811895
339	evolved	0011	1	104	2	12	0.0074822235613811895
340	ex	0007	1	99	1	12	0.010900820667147726
341	exact	0003	1	47	2	12	0.016556409582630716
342	exact	0010	1	47	2	12	0.016556409582630716
343	facilisi	0007	1	99	1	12	0.010900820667147726
344	facilisis	0007	1	99	1	12	0.010900820667147726
345	fact	0004	1	104	2	12	0.0074822235613811895
346	fact	0011	1	104	2	12	0.0074822235613811895
347	faucibus	0006	1	134	2	12	0.005807098883460027
348	faucibus	0007	2	99	2	12	0.01572022728047765
349	fermentum	0007	2	99	1	12	0.021801641334295453
350	feugiat	0006	2	134	2	12	0.011614197766920053
351	feugiat	0007	1	99	2	12	0.007860113640238826
352	first	0002	1	129	4	12	0.0036986143776718016
353	first	0005	1	121	4	12	0.003943150865451756
354	first	0009	1	129	4	12	0.0036986143776718016
355	first	0012	1	121	4	12	0.003943150865451756
356	five	0001	1	91	2	12	0.008551112641578502
357	five	0008	1	91	2	12	0.008551112641578502
358	for	0003	1	47	4	12	0.010151516057865158
359	for	0004	1	104	4	12	0.0045877043723044466
360	for	0010	1	47	4	12	0.010151516057865158
361	for	0011	1	104	4	12	0.0045877043723044466
362	form	0003	1	47	4	12	0.010151516057865158
363	form	0005	1	121	4	12	0.003943150865451756
364	form	0010	1	47	4	12	0.010151516057865158
365	form	0012	1	121	4	12	0.003943150865451756
366	free	0005	1	121	2	12	0.006431002069286311
367	free	0012	1	121	2	12	0.006431002069286311
368	fringilla	0006	2	134	2	12	0.011614197766920053
369	fringilla	0007	1	99	2	12	0.007860113640238826
370	from	0002	4	129	6	12	0.009334263431441277
371	from	0003	2	47	6	12	0.012809787049531115
372	from	0005	1	121	6	12	0.0024878512038345553
373	from	0009	4	129	6	12	0.009334263431441277
374	from	0010	2	47	6	12	0.012809787049531115
375	from	0012	1	121	6	12	0.0024878512038345553
376	galley	0001	1	91	2	12	0.008551112641578502
377	galley	0008	1	91	2	12	0.008551112641578502
378	generate	0005	1	121	2	12	0.006431002069286311
379	generate	0012	1	121	2	12	0.006431002069286311
380	generated	0005	1	121	2	12	0.006431002069286311
381	generated	0012	1	121	2	12	0.006431002069286311
382	generator	0005	1	121	2	12	0.006431002069286311
383	generator	0012	1	121	2	12	0.006431002069286311
384	generators	0005	1	121	2	12	0.006431002069286311
385	generators	0012	1	121	2	12	0.006431002069286311
386	going	0002	1	129	4	12	0.0036986143776718016
387	going	0005	1	121	4	12	0.003943150865451756
388	going	0009	1	129	4	12	0.0036986143776718016
389	going	0012	1	121	4	12	0.003943150865451756
390	gravida	0006	2	134	2	12	0.011614197766920053
391	gravida	0007	2	99	2	12	0.01572022728047765
392	handful	0005	1	121	2	12	0.006431002069286311
393	handful	0012	1	121	2	12	0.006431002069286311
394	has	0001	2	91	6	12	0.00661604386074684
395	has	0002	1	129	6	12	0.0023335658578603194
396	has	0004	1	104	6	12	0.0028945191890767425
397	has	0008	2	91	6	12	0.00661604386074684
398	has	0009	1	129	6	12	0.0023335658578603194
399	has	0011	1	104	6	12	0.0028945191890767425
400	have	0004	1	104	4	12	0.0045877043723044466
401	have	0005	1	121	4	12	0.003943150865451756
402	have	0011	1	104	4	12	0.0045877043723044466
403	have	0012	1	121	4	12	0.003943150865451756
404	here	0004	2	104	2	12	0.014964447122762379
405	here	0011	2	104	2	12	0.014964447122762379
406	hidden	0005	1	121	2	12	0.006431002069286311
407	hidden	0012	1	121	2	12	0.006431002069286311
408	humour	0004	1	104	4	12	0.0045877043723044466
409	humour	0005	2	121	4	12	0.007886301730903511
410	humour	0011	1	104	4	12	0.0045877043723044466
411	humour	0012	2	121	4	12	0.007886301730903511
412	id	0007	1	99	1	12	0.010900820667147726
413	imperdiet	0006	1	134	2	12	0.005807098883460027
414	imperdiet	0007	2	99	2	12	0.01572022728047765
415	in	0001	1	91	11	12	0.0004152589108725248
416	in	0002	5	129	11	12	0.001464672902689913
417	in	0003	1	47	11	12	0.000804011933817016
418	in	0004	1	104	11	12	0.0003633515470134592
419	in	0005	2	121	11	12	0.0006246043122214835
420	in	0006	3	134	11	12	0.0008460125572253676
421	in	0008	1	91	11	12	0.0004152589108725248
422	in	0009	5	129	11	12	0.001464672902689913
423	in	0010	1	47	11	12	0.000804011933817016
424	in	0011	1	104	11	12	0.0003633515470134592
425	in	0012	2	121	11	12	0.0006246043122214835
426	including	0001	1	91	2	12	0.008551112641578502
427	including	0008	1	91	2	12	0.008551112641578502
428	industry	0001	1	91	2	12	0.008551112641578502
429	industry	0008	1	91	2	12	0.008551112641578502
430	industrys	0001	1	91	2	12	0.008551112641578502
431	industrys	0008	1	91	2	12	0.008551112641578502
432	infancy	0004	1	104	2	12	0.0074822235613811895
433	infancy	0011	1	104	2	12	0.0074822235613811895
434	injected	0004	1	104	4	12	0.0045877043723044466
435	injected	0005	2	121	4	12	0.007886301730903511
436	injected	0011	1	104	4	12	0.0045877043723044466
437	injected	0012	2	121	4	12	0.007886301730903511
438	interested	0003	1	47	2	12	0.016556409582630716
439	interested	0010	1	47	2	12	0.016556409582630716
440	into	0001	1	91	2	12	0.008551112641578502
441	into	0008	1	91	2	12	0.008551112641578502
442	ipsum	0002	1	129	6	12	0.0023335658578603194
443	ipsum	0004	1	104	6	12	0.0028945191890767425
444	ipsum	0006	2	134	6	12	0.004492985009910167
445	ipsum	0007	1	99	6	12	0.0030407070269089015
446	ipsum	0009	1	129	6	12	0.0023335658578603194
447	ipsum	0011	1	104	6	12	0.0028945191890767425
448	is	0001	1	91	10	12	0.0008701235829409322
449	is	0002	2	129	10	12	0.0012276162177926328
450	is	0003	1	47	10	12	0.0016847073627154216
451	is	0004	2	104	10	12	0.001522716270146631
452	is	0005	1	121	10	12	0.000654390463203511
453	is	0008	1	91	10	12	0.0008701235829409322
454	is	0009	2	129	10	12	0.0012276162177926328
455	is	0010	1	47	10	12	0.0016847073627154216
456	is	0011	2	104	10	12	0.001522716270146631
457	is	0012	1	121	10	12	0.000654390463203511
458	isnt	0005	1	121	2	12	0.006431002069286311
459	isnt	0012	1	121	2	12	0.006431002069286311
460	it	0001	1	91	6	12	0.00330802193037342
461	it	0002	1	129	6	12	0.0023335658578603194
462	it	0004	2	104	6	12	0.005789038378153485
463	it	0008	1	91	6	12	0.00330802193037342
464	it	0009	1	129	6	12	0.0023335658578603194
465	it	0011	2	104	6	12	0.005789038378153485
466	its	0004	1	104	2	12	0.0074822235613811895
467	its	0011	1	104	2	12	0.0074822235613811895
468	justo	0006	1	134	2	12	0.005807098883460027
469	justo	0007	1	99	2	12	0.007860113640238826
470	lacinia	0006	1	134	2	12	0.005807098883460027
471	lacinia	0007	1	99	2	12	0.007860113640238826
472	lacus	0007	1	99	1	12	0.010900820667147726
473	layout	0004	1	104	2	12	0.0074822235613811895
474	layout	0011	1	104	2	12	0.0074822235613811895
475	leap	0001	1	91	2	12	0.008551112641578502
476	leap	0008	1	91	2	12	0.008551112641578502
477	leo	0006	1	134	2	12	0.005807098883460027
478	leo	0007	1	99	2	12	0.007860113640238826
479	letters	0004	1	104	2	12	0.0074822235613811895
480	letters	0011	1	104	2	12	0.0074822235613811895
481	libero	0006	1	134	1	12	0.008053591388415111
482	ligula	0007	1	99	1	12	0.010900820667147726
483	like	0001	1	91	4	12	0.005243090711205082
484	like	0004	2	104	4	12	0.009175408744608893
485	like	0008	1	91	4	12	0.005243090711205082
486	like	0011	2	104	4	12	0.009175408744608893
487	line	0002	2	129	2	12	0.012064360471064243
488	line	0009	2	129	2	12	0.012064360471064243
489	literature	0002	2	129	2	12	0.012064360471064243
490	literature	0009	2	129	2	12	0.012064360471064243
491	long	0004	1	104	2	12	0.0074822235613811895
492	long	0011	1	104	2	12	0.0074822235613811895
493	look	0004	1	104	4	12	0.0045877043723044466
494	look	0005	1	121	4	12	0.003943150865451756
495	look	0011	1	104	4	12	0.0045877043723044466
496	look	0012	1	121	4	12	0.003943150865451756
497	looked	0002	1	129	2	12	0.006032180235532121
498	looked	0009	1	129	2	12	0.006032180235532121
499	looking	0004	1	104	2	12	0.0074822235613811895
500	looking	0011	1	104	2	12	0.0074822235613811895
501	looks	0005	1	121	2	12	0.006431002069286311
502	looks	0012	1	121	2	12	0.006431002069286311
503	lorem	0004	1	104	2	12	0.0074822235613811895
504	lorem	0011	1	104	2	12	0.0074822235613811895
505	luctus	0006	2	134	1	12	0.016107182776830223
506	magna	0006	3	134	2	12	0.01742129665038008
507	magna	0007	1	99	2	12	0.007860113640238826
508	majority	0005	1	121	2	12	0.006431002069286311
509	majority	0012	1	121	2	12	0.006431002069286311
510	make	0001	1	91	2	12	0.008551112641578502
511	make	0008	1	91	2	12	0.008551112641578502
512	making	0002	1	129	6	12	0.0023335658578603194
513	making	0004	1	104	6	12	0.0028945191890767425
514	making	0005	1	121	6	12	0.0024878512038345553
515	making	0009	1	129	6	12	0.0023335658578603194
516	making	0011	1	104	6	12	0.0028945191890767425
517	making	0012	1	121	6	12	0.0024878512038345553
518	malesuada	0006	1	134	1	12	0.008053591388415111
519	many	0004	1	104	4	12	0.0045877043723044466
520	many	0005	1	121	4	12	0.003943150865451756
521	many	0011	1	104	4	12	0.0045877043723044466
522	many	0012	1	121	4	12	0.003943150865451756
523	massa	0006	1	134	2	12	0.005807098883460027
524	massa	0007	1	99	2	12	0.007860113640238826
525	mattis	0007	1	99	1	12	0.010900820667147726
526	mauris	0006	1	134	2	12	0.005807098883460027
527	mauris	0007	1	99	2	12	0.007860113640238826
528	metus	0006	1	134	1	12	0.008053591388415111
529	mi	0006	1	134	2	12	0.005807098883460027
530	mi	0007	2	99	2	12	0.01572022728047765
531	middle	0005	1	121	2	12	0.006431002069286311
532	middle	0012	1	121	2	12	0.006431002069286311
533	model	0004	1	104	4	12	0.0045877043723044466
534	model	0005	1	121	4	12	0.003943150865451756
535	model	0011	1	104	4	12	0.0045877043723044466
536	model	0012	1	121	4	12	0.003943150865451756
537	mollis	0006	1	134	1	12	0.008053591388415111
538	more	0001	1	91	4	12	0.005243090711205082
539	more	0002	1	129	4	12	0.0036986143776718016
540	more	0008	1	91	4	12	0.005243090711205082
541	more	0009	1	129	4	12	0.0036986143776718016
542	moreorless	0004	1	104	2	12	0.0074822235613811895
543	moreorless	0011	1	104	2	12	0.0074822235613811895
544	nec	0007	1	99	1	12	0.010900820667147726
545	necessary	0005	1	121	2	12	0.006431002069286311
546	necessary	0012	1	121	2	12	0.006431002069286311
547	need	0005	1	121	2	12	0.006431002069286311
548	need	0012	1	121	2	12	0.006431002069286311
549	nibh	0006	1	134	2	12	0.005807098883460027
550	nibh	0007	1	99	2	12	0.007860113640238826
551	nisi	0006	4	134	2	12	0.023228395533840106
552	nisi	0007	2	99	2	12	0.01572022728047765
553	nisl	0006	1	134	2	12	0.005807098883460027
554	nisl	0007	2	99	2	12	0.01572022728047765
555	non	0006	1	134	2	12	0.005807098883460027
556	non	0007	2	99	2	12	0.01572022728047765
557	noncharacteristic	0005	1	121	2	12	0.006431002069286311
558	noncharacteristic	0012	1	121	2	12	0.006431002069286311
559	normal	0004	1	104	2	12	0.0074822235613811895
560	normal	0011	1	104	2	12	0.0074822235613811895
561	not	0001	1	91	4	12	0.005243090711205082
562	not	0002	1	129	4	12	0.0036986143776718016
563	not	0008	1	91	4	12	0.005243090711205082
564	not	0009	1	129	4	12	0.0036986143776718016
565	now	0004	1	104	2	12	0.0074822235613811895
566	now	0011	1	104	2	12	0.0074822235613811895
567	nulla	0006	1	134	2	12	0.005807098883460027
568	nulla	0007	1	99	2	12	0.007860113640238826
569	nunc	0006	2	134	1	12	0.016107182776830223
570	obscure	0002	1	129	2	12	0.006032180235532121
571	obscure	0009	1	129	2	12	0.006032180235532121
572	of	0001	4	91	10	12	0.0034804943317637287
573	of	0002	7	129	10	12	0.0042966567622742145
574	of	0003	1	47	10	12	0.0016847073627154216
575	of	0004	3	104	10	12	0.0022840744052199467
576	of	0005	6	121	10	12	0.0039263427792210655
577	of	0008	4	91	10	12	0.0034804943317637287
578	of	0009	7	129	10	12	0.0042966567622742145
579	of	0010	1	47	10	12	0.0016847073627154216
580	of	0011	3	104	10	12	0.0022840744052199467
581	of	0012	6	121	10	12	0.0039263427792210655
582	old	0002	1	129	2	12	0.006032180235532121
583	old	0009	1	129	2	12	0.006032180235532121
584	on	0002	1	129	6	12	0.0023335658578603194
585	on	0004	1	104	6	12	0.0028945191890767425
586	on	0005	2	121	6	12	0.0049757024076691105
587	on	0009	1	129	6	12	0.0023335658578603194
588	on	0011	1	104	6	12	0.0028945191890767425
589	on	0012	2	121	6	12	0.0049757024076691105
590	one	0002	1	129	2	12	0.006032180235532121
591	one	0009	1	129	2	12	0.006032180235532121
592	only	0001	1	91	2	12	0.008551112641578502
593	only	0008	1	91	2	12	0.008551112641578502
594	opposed	0004	1	104	2	12	0.0074822235613811895
595	opposed	0011	1	104	2	12	0.0074822235613811895
596	or	0005	2	121	2	12	0.012862004138572622
597	or	0012	2	121	2	12	0.012862004138572622
598	orci	0006	2	134	1	12	0.016107182776830223
599	original	0003	1	47	2	12	0.016556409582630716
600	original	0010	1	47	2	12	0.016556409582630716
601	ornare	0006	1	134	1	12	0.008053591388415111
602	over	0002	1	129	6	12	0.0023335658578603194
603	over	0004	1	104	6	12	0.0028945191890767425
604	over	0005	1	121	6	12	0.0024878512038345553
605	over	0009	1	129	6	12	0.0023335658578603194
606	over	0011	1	104	6	12	0.0028945191890767425
607	over	0012	1	121	6	12	0.0024878512038345553
608	packages	0004	1	104	2	12	0.0074822235613811895
609	packages	0011	1	104	2	12	0.0074822235613811895
610	page	0004	2	104	2	12	0.014964447122762379
611	page	0011	2	104	2	12	0.014964447122762379
612	passage	0002	1	129	4	12	0.0036986143776718016
613	passage	0005	1	121	4	12	0.003943150865451756
614	passage	0009	1	129	4	12	0.0036986143776718016
615	passage	0012	1	121	4	12	0.003943150865451756
616	passages	0001	1	91	4	12	0.005243090711205082
617	passages	0005	1	121	4	12	0.003943150865451756
618	passages	0008	1	91	4	12	0.005243090711205082
619	passages	0012	1	121	4	12	0.003943150865451756
620	pellentesque	0006	1	134	1	12	0.008053591388415111
621	pharetra	0006	1	134	1	12	0.008053591388415111
622	piece	0002	1	129	2	12	0.006032180235532121
623	piece	0009	1	129	2	12	0.006032180235532121
624	placerat	0007	1	99	1	12	0.010900820667147726
625	point	0004	1	104	2	12	0.0074822235613811895
626	point	0011	1	104	2	12	0.0074822235613811895
627	popular	0002	2	129	2	12	0.012064360471064243
628	popular	0009	2	129	2	12	0.012064360471064243
629	popularised	0001	1	91	2	12	0.008551112641578502
630	popularised	0008	1	91	2	12	0.008551112641578502
631	porta	0007	1	99	1	12	0.010900820667147726
632	porttitor	0007	1	99	1	12	0.010900820667147726
633	posuere	0006	2	134	1	12	0.016107182776830223
634	predefined	0005	1	121	2	12	0.006431002069286311
635	predefined	0012	1	121	2	12	0.006431002069286311
636	pretium	0007	1	99	1	12	0.010900820667147726
637	primis	0006	1	134	1	12	0.008053591388415111
638	printer	0001	1	91	2	12	0.008551112641578502
639	printer	0008	1	91	2	12	0.008551112641578502
640	printing	0001	1	91	2	12	0.008551112641578502
641	printing	0008	1	91	2	12	0.008551112641578502
642	professor	0002	1	129	2	12	0.006032180235532121
643	professor	0009	1	129	2	12	0.006032180235532121
644	publishing	0001	1	91	4	12	0.005243090711205082
645	publishing	0004	1	104	4	12	0.0045877043723044466
646	publishing	0008	1	91	4	12	0.005243090711205082
647	publishing	0011	1	104	4	12	0.0045877043723044466
648	pulvinar	0007	1	99	1	12	0.010900820667147726
649	purpose	0004	1	104	2	12	0.0074822235613811895
650	purpose	0011	1	104	2	12	0.0074822235613811895
651	purus	0007	1	99	1	12	0.010900820667147726
652	quam	0006	1	134	1	12	0.008053591388415111
653	quis	0006	2	134	2	12	0.011614197766920053
654	quis	0007	1	99	2	12	0.007860113640238826
655	random	0002	1	129	2	12	0.006032180235532121
656	random	0009	1	129	2	12	0.006032180235532121
657	randomised	0005	1	121	2	12	0.006431002069286311
658	randomised	0012	1	121	2	12	0.006431002069286311
659	readable	0004	2	104	2	12	0.014964447122762379
660	readable	0011	2	104	2	12	0.014964447122762379
661	reader	0004	1	104	2	12	0.0074822235613811895
662	reader	0011	1	104	2	12	0.0074822235613811895
663	reasonable	0005	1	121	2	12	0.006431002069286311
664	reasonable	0012	1	121	2	12	0.006431002069286311
665	recently	0001	1	91	2	12	0.008551112641578502
666	recently	0008	1	91	2	12	0.008551112641578502
667	release	0001	1	91	2	12	0.008551112641578502
668	release	0008	1	91	2	12	0.008551112641578502
669	remaining	0001	1	91	2	12	0.008551112641578502
670	remaining	0008	1	91	2	12	0.008551112641578502
671	repeat	0005	1	121	2	12	0.006431002069286311
672	repeat	0012	1	121	2	12	0.006431002069286311
673	repetition	0005	1	121	2	12	0.006431002069286311
674	repetition	0012	1	121	2	12	0.006431002069286311
675	reproduced	0003	2	47	2	12	0.03311281916526143
676	reproduced	0010	2	47	2	12	0.03311281916526143
677	rhoncus	0007	1	99	1	12	0.010900820667147726
678	roots	0002	1	129	2	12	0.006032180235532121
679	roots	0009	1	129	2	12	0.006032180235532121
680	rutrum	0006	1	134	1	12	0.008053591388415111
681	sapien	0006	1	134	1	12	0.008053591388415111
682	scelerisque	0007	1	99	1	12	0.010900820667147726
683	scrambled	0001	1	91	2	12	0.008551112641578502
684	scrambled	0008	1	91	2	12	0.008551112641578502
685	search	0004	1	104	2	12	0.0074822235613811895
686	search	0011	1	104	2	12	0.0074822235613811895
687	section	0002	1	129	2	12	0.006032180235532121
688	section	0009	1	129	2	12	0.006032180235532121
689	sections	0002	1	129	2	12	0.006032180235532121
690	sections	0009	1	129	2	12	0.006032180235532121
691	sed	0006	1	134	2	12	0.005807098883460027
692	sed	0007	2	99	2	12	0.01572022728047765
693	sem	0006	1	134	1	12	0.008053591388415111
694	semper	0006	3	134	1	12	0.02416077416524533
695	sentence	0005	1	121	2	12	0.006431002069286311
696	sentence	0012	1	121	2	12	0.006431002069286311
697	sheets	0001	1	91	2	12	0.008551112641578502
698	sheets	0008	1	91	2	12	0.008551112641578502
699	simply	0001	1	91	4	12	0.005243090711205082
700	simply	0002	1	129	4	12	0.0036986143776718016
701	simply	0008	1	91	4	12	0.005243090711205082
702	simply	0009	1	129	4	12	0.0036986143776718016
703	since	0001	1	91	4	12	0.005243090711205082
704	since	0003	1	47	4	12	0.010151516057865158
705	since	0008	1	91	4	12	0.005243090711205082
706	since	0010	1	47	4	12	0.010151516057865158
707	sit	0002	1	129	4	12	0.0036986143776718016
708	sit	0006	6	134	4	12	0.02136363827102966
709	sit	0007	1	99	4	12	0.004819406613329924
710	sit	0009	1	129	4	12	0.0036986143776718016
711	sites	0004	1	104	2	12	0.0074822235613811895
712	sites	0011	1	104	2	12	0.0074822235613811895
713	slightly	0005	1	121	2	12	0.006431002069286311
714	slightly	0012	1	121	2	12	0.006431002069286311
715	sodales	0007	1	99	1	12	0.010900820667147726
716	software	0001	1	91	2	12	0.008551112641578502
717	software	0008	1	91	2	12	0.008551112641578502
718	sollicitudin	0007	2	99	1	12	0.021801641334295453
719	some	0005	1	121	2	12	0.006431002069286311
720	some	0012	1	121	2	12	0.006431002069286311
721	sometimes	0004	2	104	2	12	0.014964447122762379
722	sometimes	0011	2	104	2	12	0.014964447122762379
723	source	0002	1	129	2	12	0.006032180235532121
724	source	0009	1	129	2	12	0.006032180235532121
725	specimen	0001	1	91	2	12	0.008551112641578502
726	specimen	0008	1	91	2	12	0.008551112641578502
727	standard	0001	1	91	4	12	0.005243090711205082
728	standard	0003	1	47	4	12	0.010151516057865158
729	standard	0008	1	91	4	12	0.005243090711205082
730	standard	0010	1	47	4	12	0.010151516057865158
731	still	0004	1	104	2	12	0.0074822235613811895
732	still	0011	1	104	2	12	0.0074822235613811895
733	structures	0005	1	121	2	12	0.006431002069286311
734	structures	0012	1	121	2	12	0.006431002069286311
735	suffered	0005	1	121	2	12	0.006431002069286311
736	suffered	0012	1	121	2	12	0.006431002069286311
737	sure	0005	1	121	2	12	0.006431002069286311
738	sure	0012	1	121	2	12	0.006431002069286311
739	survived	0001	1	91	2	12	0.008551112641578502
740	survived	0008	1	91	2	12	0.008551112641578502
741	suscipit	0007	1	99	1	12	0.010900820667147726
742	tempor	0006	1	134	1	12	0.008053591388415111
743	tempus	0006	1	134	1	12	0.008053591388415111
744	tend	0005	1	121	2	12	0.006431002069286311
745	tend	0012	1	121	2	12	0.006431002069286311
746	text	0001	2	91	8	12	0.0038701375616633244
747	text	0002	1	129	8	12	0.0013650485198114825
748	text	0004	1	104	8	12	0.0016931851832277043
749	text	0005	1	121	8	12	0.0014552996616172004
750	text	0008	2	91	8	12	0.0038701375616633244
751	text	0009	1	129	8	12	0.0013650485198114825
752	text	0011	1	104	8	12	0.0016931851832277043
753	text	0012	1	121	8	12	0.0014552996616172004
754	that	0004	2	104	2	12	0.014964447122762379
755	that	0011	2	104	2	12	0.014964447122762379
756	the	0001	6	91	10	12	0.005220741497645592
757	the	0002	6	129	10	12	0.0036828486533778985
758	the	0003	2	47	10	12	0.0033694147254308433
759	the	0004	3	104	10	12	0.0022840744052199467
760	the	0005	6	121	10	12	0.0039263427792210655
761	the	0008	6	91	10	12	0.005220741497645592
762	the	0009	6	129	10	12	0.0036828486533778985
763	the	0010	2	47	10	12	0.0033694147254308433
764	the	0011	3	104	10	12	0.0022840744052199467
765	the	0012	6	121	10	12	0.0039263427792210655
766	their	0003	1	47	4	12	0.010151516057865158
767	their	0004	2	104	4	12	0.009175408744608893
768	their	0010	1	47	4	12	0.010151516057865158
769	their	0011	2	104	4	12	0.009175408744608893
770	theory	0002	1	129	2	12	0.006032180235532121
771	theory	0009	1	129	2	12	0.006032180235532121
772	there	0005	1	121	2	12	0.006431002069286311
773	there	0012	1	121	2	12	0.006431002069286311
774	therefore	0005	1	121	2	12	0.006431002069286311
775	therefore	0012	1	121	2	12	0.006431002069286311
776	this	0005	1	121	2	12	0.006431002069286311
777	this	0012	1	121	2	12	0.006431002069286311
778	those	0003	1	47	2	12	0.016556409582630716
779	those	0010	1	47	2	12	0.016556409582630716
780	through	0002	1	129	2	12	0.006032180235532121
781	through	0009	1	129	2	12	0.006032180235532121
782	tincidunt	0006	2	134	2	12	0.011614197766920053
783	tincidunt	0007	1	99	2	12	0.007860113640238826
784	to	0001	1	91	8	12	0.0019350687808316622
785	to	0002	1	129	8	12	0.0013650485198114825
786	to	0004	1	104	8	12	0.0016931851832277043
787	to	0005	4	121	8	12	0.005821198646468802
788	to	0008	1	91	8	12	0.0019350687808316622
789	to	0009	1	129	8	12	0.0013650485198114825
790	to	0011	1	104	8	12	0.0016931851832277043
791	to	0012	4	121	8	12	0.005821198646468802
792	took	0001	1	91	2	12	0.008551112641578502
793	took	0008	1	91	2	12	0.008551112641578502
794	tortor	0006	1	134	2	12	0.005807098883460027
795	tortor	0007	1	99	2	12	0.007860113640238826
796	translation	0003	1	47	2	12	0.016556409582630716
797	translation	0010	1	47	2	12	0.016556409582630716
798	treatise	0002	1	129	2	12	0.006032180235532121
799	treatise	0009	1	129	2	12	0.006032180235532121
800	true	0005	1	121	2	12	0.006431002069286311
801	true	0012	1	121	2	12	0.006431002069286311
802	turpis	0006	1	134	1	12	0.008053591388415111
803	type	0001	2	91	2	12	0.017102225283157003
804	type	0008	2	91	2	12	0.017102225283157003
805	typesetting	0001	2	91	2	12	0.017102225283157003
806	typesetting	0008	2	91	2	12	0.017102225283157003
807	ullamcorper	0006	1	134	1	12	0.008053591388415111
808	ultrices	0006	2	134	1	12	0.016107182776830223
809	ultricies	0006	1	134	1	12	0.008053591388415111
810	unchanged	0001	1	91	2	12	0.008551112641578502
811	unchanged	0008	1	91	2	12	0.008551112641578502
812	uncover	0004	1	104	2	12	0.0074822235613811895
813	uncover	0011	1	104	2	12	0.0074822235613811895
814	undoubtable	0002	1	129	2	12	0.006032180235532121
815	undoubtable	0009	1	129	2	12	0.006032180235532121
816	unknown	0001	1	91	2	12	0.008551112641578502
817	unknown	0008	1	91	2	12	0.008551112641578502
818	up	0002	1	129	2	12	0.006032180235532121
819	up	0009	1	129	2	12	0.006032180235532121
820	use	0004	1	104	4	12	0.0045877043723044466
821	use	0005	1	121	4	12	0.003943150865451756
822	use	0011	1	104	4	12	0.0045877043723044466
823	use	0012	1	121	4	12	0.003943150865451756
824	used	0003	1	47	2	12	0.016556409582630716
825	used	0010	1	47	2	12	0.016556409582630716
826	uses	0005	1	121	2	12	0.006431002069286311
827	uses	0012	1	121	2	12	0.006431002069286311
828	using	0004	2	104	2	12	0.014964447122762379
829	using	0011	2	104	2	12	0.014964447122762379
830	ut	0007	2	99	1	12	0.021801641334295453
831	variations	0005	1	121	2	12	0.006431002069286311
832	variations	0012	1	121	2	12	0.006431002069286311
833	varius	0007	1	99	1	12	0.010900820667147726
834	vehicula	0006	1	134	2	12	0.005807098883460027
835	vehicula	0007	2	99	2	12	0.01572022728047765
836	vel	0006	1	134	2	12	0.005807098883460027
837	vel	0007	1	99	2	12	0.007860113640238826
838	velit	0006	1	134	2	12	0.005807098883460027
839	velit	0007	1	99	2	12	0.007860113640238826
840	venenatis	0006	1	134	2	12	0.005807098883460027
841	venenatis	0007	1	99	2	12	0.007860113640238826
842	versions	0001	1	91	6	12	0.00330802193037342
843	versions	0003	1	47	6	12	0.0064048935247655574
844	versions	0004	1	104	6	12	0.0028945191890767425
845	versions	0008	1	91	6	12	0.00330802193037342
846	versions	0010	1	47	6	12	0.0064048935247655574
847	versions	0011	1	104	6	12	0.0028945191890767425
848	very	0002	1	129	2	12	0.006032180235532121
849	very	0009	1	129	2	12	0.006032180235532121
850	vitae	0006	1	134	2	12	0.005807098883460027
851	vitae	0007	1	99	2	12	0.007860113640238826
852	viverra	0006	2	134	2	12	0.011614197766920053
853	viverra	0007	2	99	2	12	0.01572022728047765
854	volutpat	0007	1	99	1	12	0.010900820667147726
855	vulputate	0006	1	134	1	12	0.008053591388415111
856	was	0001	1	91	2	12	0.008551112641578502
857	was	0008	1	91	2	12	0.008551112641578502
858	web	0004	2	104	2	12	0.014964447122762379
859	web	0011	2	104	2	12	0.014964447122762379
860	when	0001	1	91	4	12	0.005243090711205082
861	when	0004	1	104	4	12	0.0045877043723044466
862	when	0008	1	91	4	12	0.005243090711205082
863	when	0011	1	104	4	12	0.0045877043723044466
864	which	0005	2	121	2	12	0.012862004138572622
865	which	0012	2	121	2	12	0.012862004138572622
866	will	0004	2	104	2	12	0.014964447122762379
867	will	0011	2	104	2	12	0.014964447122762379
868	with	0001	2	91	4	12	0.010486181422410165
869	with	0005	1	121	4	12	0.003943150865451756
870	with	0008	2	91	4	12	0.010486181422410165
871	with	0012	1	121	4	12	0.003943150865451756
872	word	0002	1	129	2	12	0.006032180235532121
873	word	0009	1	129	2	12	0.006032180235532121
874	words	0002	1	129	4	12	0.0036986143776718016
875	words	0005	3	121	4	12	0.011829452596355268
876	words	0009	1	129	4	12	0.0036986143776718016
877	words	0012	3	121	4	12	0.011829452596355268
878	written	0002	1	129	2	12	0.006032180235532121
879	written	0009	1	129	2	12	0.006032180235532121
880	years	0002	1	129	4	12	0.0036986143776718016
881	years	0004	1	104	4	12	0.0045877043723044466
882	years	0009	1	129	4	12	0.0036986143776718016
883	years	0011	1	104	4	12	0.0045877043723044466
884	you	0005	2	121	2	12	0.012862004138572622
885	you	0012	2	121	2	12	0.012862004138572622
