level_1	2gram	Document	n	N	m	TFIDF
1	dummy_text	0001	2	90	2	0.017292250008525415
2	1500s_when	0001	1	90	2	0.008646125004262708
3	1960s_with	0001	1	90	2	0.008646125004262708
4	Aldus_PageMaker	0001	1	90	2	0.008646125004262708
5	Ipsum_has	0001	1	90	2	0.008646125004262708
6	Ipsum_passages	0001	1	90	2	0.008646125004262708
7	It_was	0001	1	90	2	0.008646125004262708
8	Letraset_sheets	0001	1	90	2	0.008646125004262708
9	PageMaker_including	0001	1	90	2	0.008646125004262708
10	a_galley	0001	1	90	2	0.008646125004262708
11	a_type	0001	1	90	2	0.008646125004262708
12	also_the	0001	1	90	2	0.008646125004262708
13	an_unknown	0001	1	90	2	0.008646125004262708
14	and_more	0001	1	90	2	0.008646125004262708
15	and_scrambled	0001	1	90	2	0.008646125004262708
1	45_BC	0002	2	128	2	0.012158613287244432
2	comes_from	0002	2	128	2	0.012158613287244432
3	from_a	0002	2	128	2	0.012158613287244432
4	of_the	0002	2	128	4	0.007455019604994725
5	11033_of	0002	1	128	2	0.006079306643622216
6	2000_years	0002	1	128	2	0.006079306643622216
7	BC_This	0002	1	128	2	0.006079306643622216
8	BC_making	0002	1	128	2	0.006079306643622216
9	Cicero_written	0002	1	128	2	0.006079306643622216
10	College_in	0002	1	128	2	0.006079306643622216
11	Contrary_to	0002	1	128	2	0.006079306643622216
12	Evil_by	0002	1	128	2	0.006079306643622216
13	Extremes_of	0002	1	128	2	0.006079306643622216
14	Good_and	0002	1	128	2	0.006079306643622216
15	HampdenSydney_College	0002	1	128	2	0.006079306643622216
1	11033_from	0003	1	46	2	0.01691633153007921
2	1500s_is	0003	1	46	2	0.01691633153007921
3	1914_translation	0003	1	46	2	0.01691633153007921
4	Cicero_are	0003	1	46	2	0.01691633153007921
5	English_versions	0003	1	46	2	0.01691633153007921
6	H_Rackham	0003	1	46	2	0.01691633153007921
7	Ipsum_used	0003	1	46	2	0.01691633153007921
8	Malorum_by	0003	1	46	2	0.01691633153007921
9	Sections_11032	0003	1	46	2	0.01691633153007921
10	The_standard	0003	1	46	2	0.01691633153007921
11	accompanied_by	0003	1	46	2	0.01691633153007921
12	also_reproduced	0003	1	46	2	0.01691633153007921
13	are_also	0003	1	46	2	0.01691633153007921
14	below_for	0003	1	46	2	0.01691633153007921
15	by_English	0003	1	46	2	0.01691633153007921
1	Content_here	0004	1	103	2	0.007554866508579064
2	English_Many	0004	1	103	2	0.007554866508579064
3	Ipsum_as	0004	1	103	2	0.007554866508579064
4	It_is	0004	1	103	2	0.007554866508579064
5	Many_desktop	0004	1	103	2	0.007554866508579064
6	The_point	0004	1	103	2	0.007554866508579064
7	Various_versions	0004	1	103	2	0.007554866508579064
8	a_long	0004	1	103	2	0.007554866508579064
9	a_moreorless	0004	1	103	2	0.007554866508579064
10	a_page	0004	1	103	2	0.007554866508579064
11	a_reader	0004	1	103	2	0.007554866508579064
12	a_search	0004	1	103	2	0.007554866508579064
13	accident_sometimes	0004	1	103	2	0.007554866508579064
14	and_a	0004	1	103	2	0.007554866508579064
15	and_the	0004	1	103	2	0.007554866508579064
1	humour_or	0005	2	120	2	0.012969187506394059
2	the_Internet	0005	2	120	2	0.012969187506394059
3	injected_humour	0005	2	120	4	0.007952020911994373
4	on_the	0005	2	120	4	0.007952020911994373
5	200_Latin	0005	1	120	2	0.006484593753197029
6	All_the	0005	1	120	2	0.006484593753197029
7	If_you	0005	1	120	2	0.006484593753197029
8	Internet_It	0005	1	120	2	0.006484593753197029
9	Internet_tend	0005	1	120	2	0.006484593753197029
10	Ipsum_available	0005	1	120	2	0.006484593753197029
11	Ipsum_generators	0005	1	120	2	0.006484593753197029
12	Ipsum_which	0005	1	120	2	0.006484593753197029
13	Ipsum_you	0005	1	120	2	0.006484593753197029
14	It_uses	0005	1	120	2	0.006484593753197029
15	The_generated	0005	1	120	2	0.006484593753197029
1	sit_amet	0006	6	133	4	0.021524267130210332
2	Aliquam_consectetur	0006	1	133	1	0.008114144707125001
3	Cras_aliquet	0006	1	133	1	0.008114144707125001
4	Cras_eu	0006	1	133	1	0.008114144707125001
5	Curae_Suspendisse	0006	1	133	1	0.008114144707125001
6	Donec_feugiat	0006	1	133	1	0.008114144707125001
7	Donec_imperdiet	0006	1	133	1	0.008114144707125001
8	Duis_et	0006	1	133	1	0.008114144707125001
9	Duis_magna	0006	1	133	1	0.008114144707125001
10	Nulla_feugiat	0006	1	133	1	0.008114144707125001
11	Pellentesque_malesuada	0006	1	133	1	0.008114144707125001
12	Praesent_tincidunt	0006	1	133	1	0.008114144707125001
13	Suspendisse_vulputate	0006	1	133	1	0.008114144707125001
14	Ut_dictum	0006	1	133	1	0.008114144707125001
15	Vestibulum_ante	0006	1	133	1	0.008114144707125001
1	Aliquam_varius	0007	1	98	1	0.011012053531098213
2	Cras_imperdiet	0007	1	98	1	0.011012053531098213
3	Curabitur_elementum	0007	1	98	1	0.011012053531098213
4	Donec_euismod	0007	1	98	1	0.011012053531098213
5	Donec_viverra	0007	1	98	1	0.011012053531098213
6	Maecenas_sollicitudin	0007	1	98	1	0.011012053531098213
7	Mauris_ut	0007	1	98	1	0.011012053531098213
8	Nulla_facilisi	0007	1	98	1	0.011012053531098213
9	Nunc_justo	0007	1	98	1	0.011012053531098213
10	Sed_non	0007	1	98	1	0.011012053531098213
11	Suspendisse_pretium	0007	1	98	1	0.011012053531098213
12	ac_placerat	0007	1	98	1	0.011012053531098213
13	aliquet_facilisis	0007	1	98	1	0.011012053531098213
14	amet_mi	0007	1	98	1	0.011012053531098213
15	ante_sed	0007	1	98	1	0.011012053531098213
1	dummy_text	0008	2	90	2	0.017292250008525415
2	1500s_when	0008	1	90	2	0.008646125004262708
3	1960s_with	0008	1	90	2	0.008646125004262708
4	Aldus_PageMaker	0008	1	90	2	0.008646125004262708
5	Ipsum_has	0008	1	90	2	0.008646125004262708
6	Ipsum_passages	0008	1	90	2	0.008646125004262708
7	It_was	0008	1	90	2	0.008646125004262708
8	Letraset_sheets	0008	1	90	2	0.008646125004262708
9	PageMaker_including	0008	1	90	2	0.008646125004262708
10	a_galley	0008	1	90	2	0.008646125004262708
11	a_type	0008	1	90	2	0.008646125004262708
12	also_the	0008	1	90	2	0.008646125004262708
13	an_unknown	0008	1	90	2	0.008646125004262708
14	and_more	0008	1	90	2	0.008646125004262708
15	and_scrambled	0008	1	90	2	0.008646125004262708
1	45_BC	0009	2	128	2	0.012158613287244432
2	comes_from	0009	2	128	2	0.012158613287244432
3	from_a	0009	2	128	2	0.012158613287244432
4	of_the	0009	2	128	4	0.007455019604994725
5	11033_of	0009	1	128	2	0.006079306643622216
6	2000_years	0009	1	128	2	0.006079306643622216
7	BC_This	0009	1	128	2	0.006079306643622216
8	BC_making	0009	1	128	2	0.006079306643622216
9	Cicero_written	0009	1	128	2	0.006079306643622216
10	College_in	0009	1	128	2	0.006079306643622216
11	Contrary_to	0009	1	128	2	0.006079306643622216
12	Evil_by	0009	1	128	2	0.006079306643622216
13	Extremes_of	0009	1	128	2	0.006079306643622216
14	Good_and	0009	1	128	2	0.006079306643622216
15	HampdenSydney_College	0009	1	128	2	0.006079306643622216
1	11033_from	0010	1	46	2	0.01691633153007921
2	1500s_is	0010	1	46	2	0.01691633153007921
3	1914_translation	0010	1	46	2	0.01691633153007921
4	Cicero_are	0010	1	46	2	0.01691633153007921
5	English_versions	0010	1	46	2	0.01691633153007921
6	H_Rackham	0010	1	46	2	0.01691633153007921
7	Ipsum_used	0010	1	46	2	0.01691633153007921
8	Malorum_by	0010	1	46	2	0.01691633153007921
9	Sections_11032	0010	1	46	2	0.01691633153007921
10	The_standard	0010	1	46	2	0.01691633153007921
11	accompanied_by	0010	1	46	2	0.01691633153007921
12	also_reproduced	0010	1	46	2	0.01691633153007921
13	are_also	0010	1	46	2	0.01691633153007921
14	below_for	0010	1	46	2	0.01691633153007921
15	by_English	0010	1	46	2	0.01691633153007921
1	Content_here	0011	1	103	2	0.007554866508579064
2	English_Many	0011	1	103	2	0.007554866508579064
3	Ipsum_as	0011	1	103	2	0.007554866508579064
4	It_is	0011	1	103	2	0.007554866508579064
5	Many_desktop	0011	1	103	2	0.007554866508579064
6	The_point	0011	1	103	2	0.007554866508579064
7	Various_versions	0011	1	103	2	0.007554866508579064
8	a_long	0011	1	103	2	0.007554866508579064
9	a_moreorless	0011	1	103	2	0.007554866508579064
10	a_page	0011	1	103	2	0.007554866508579064
11	a_reader	0011	1	103	2	0.007554866508579064
12	a_search	0011	1	103	2	0.007554866508579064
13	accident_sometimes	0011	1	103	2	0.007554866508579064
14	and_a	0011	1	103	2	0.007554866508579064
15	and_the	0011	1	103	2	0.007554866508579064
1	humour_or	0012	2	120	2	0.012969187506394059
2	the_Internet	0012	2	120	2	0.012969187506394059
3	injected_humour	0012	2	120	4	0.007952020911994373
4	on_the	0012	2	120	4	0.007952020911994373
5	200_Latin	0012	1	120	2	0.006484593753197029
6	All_the	0012	1	120	2	0.006484593753197029
7	If_you	0012	1	120	2	0.006484593753197029
8	Internet_It	0012	1	120	2	0.006484593753197029
9	Internet_tend	0012	1	120	2	0.006484593753197029
10	Ipsum_available	0012	1	120	2	0.006484593753197029
11	Ipsum_generators	0012	1	120	2	0.006484593753197029
12	Ipsum_which	0012	1	120	2	0.006484593753197029
13	Ipsum_you	0012	1	120	2	0.006484593753197029
14	It_uses	0012	1	120	2	0.006484593753197029
15	The_generated	0012	1	120	2	0.006484593753197029
