level_1	2gram	Document	n	N	m	TFIDF
1	said_Alice	11-0.txt	115	28261	1	0.002449909734358857
2	the_Queen	11-0.txt	57	28261	1	0.0012143030857256945
3	the_King	11-0.txt	55	28261	1	0.001171695959910758
4	Mock_Turtle	11-0.txt	54	28261	1	0.0011503923970032895
5	the_Gryphon	11-0.txt	51	28261	1	0.0010864817082808847
6	the_Mock	11-0.txt	49	28261	1	0.001043874582465948
7	the_Hatter	11-0.txt	46	28261	1	0.000979963893743543
8	said_the	11-0.txt	207	28261	3	0.0009151239686464767
9	the_Duchess	11-0.txt	34	28261	1	0.0007243211388539231
10	March_Hare	11-0.txt	31	28261	1	0.0006604104501315183
11	the_Dormouse	11-0.txt	29	28261	1	0.0006178033243165814
12	the_March	11-0.txt	29	28261	1	0.0006178033243165814
13	thought_Alice	11-0.txt	26	28261	1	0.0005538926355941764
14	the_Caterpillar	11-0.txt	23	28261	1	0.0004899819468717715
15	to_Alice	11-0.txt	23	28261	1	0.0004899819468717715
1	Mr_Darcy	1342-0.txt	241	122233	1	0.001187048161380633
2	Mrs_Bennet	1342-0.txt	139	122233	1	0.0006846460349871702
3	Mr_Collins	1342-0.txt	129	122233	1	0.0006353909245564387
4	Lady_Catherine	1342-0.txt	100	122233	1	0.0004925511043073167
5	Mr_Bingley	1342-0.txt	91	122233	1	0.0004482215049196582
6	Mr_Bennet	1342-0.txt	79	122233	1	0.00038911537240278015
7	Miss_Bingley	1342-0.txt	72	122233	1	0.000354636795101268
8	Elizabeth_was	1342-0.txt	64	122233	1	0.00031523270675668267
9	Mr_Wickham	1342-0.txt	62	122233	1	0.0003053816846705363
10	am_sure	1342-0.txt	62	122233	1	0.0003053816846705363
11	Miss_Bennet	1342-0.txt	60	122233	1	0.00029553066258439
12	and_Elizabeth	1342-0.txt	59	122233	1	0.0002906051515413168
13	she_could	1342-0.txt	116	122233	2	0.00028567964049824364
14	of_her	1342-0.txt	259	122233	3	0.0002647331962853704
15	her_mother	1342-0.txt	53	122233	1	0.00026105208528287793
1	John_is	1952-0.txt	9	8680	1	0.0006242557513769197
2	John_says	1952-0.txt	6	8680	1	0.00041617050091794633
3	the_paper	1952-0.txt	9	8680	2	0.00031212787568845983
4	Charlotte_Perkins	1952-0.txt	4	8680	1	0.00027744700061196426
5	John_and	1952-0.txt	4	8680	1	0.00027744700061196426
6	John_would	1952-0.txt	4	8680	1	0.00027744700061196426
7	Perkins_Gilman	1952-0.txt	4	8680	1	0.00027744700061196426
8	a_physician	1952-0.txt	4	8680	1	0.00027744700061196426
9	around_the	1952-0.txt	4	8680	1	0.00027744700061196426
10	by_daylight	1952-0.txt	4	8680	1	0.00027744700061196426
11	the_daytime	1952-0.txt	4	8680	1	0.00027744700061196426
12	the_pattern	1952-0.txt	8	8680	2	0.00027744700061196426
13	is_one	1952-0.txt	7	8680	2	0.0002427661255354687
14	THE_YELLOW	1952-0.txt	3	8680	1	0.0002080852504589732
15	The_Yellow	1952-0.txt	3	8680	1	0.0002080852504589732
1	Mr_Kurtz	219-0.txt	41	40532	1	0.0006090116363477367
2	as_though	219-0.txt	36	40532	1	0.0005347419245980126
3	the_manager	219-0.txt	24	40532	1	0.00035649461639867505
4	I_saw	219-0.txt	41	40532	2	0.00030450581817386834
5	the_forest	219-0.txt	18	40532	1	0.0002673709622990063
6	the_station	219-0.txt	17	40532	1	0.0002525170199490615
7	the_pilgrims	219-0.txt	16	40532	1	0.0002376630775991167
8	the_river	219-0.txt	29	40532	2	0.00021538216407419956
9	Kurtz_was	219-0.txt	14	40532	1	0.00020795519289922712
10	the_wilderness	219-0.txt	14	40532	1	0.00020795519289922712
11	of_his	219-0.txt	58	40532	3	0.00017878334953324278
12	the_steamer	219-0.txt	12	40532	1	0.00017824730819933753
13	Kurtz_had	219-0.txt	10	40532	1	0.00014853942349944793
14	The_manager	219-0.txt	10	40532	1	0.00014853942349944793
15	He_was	219-0.txt	47	40532	3	0.00014487616255280016
