level_1	Word	Document	n	N	m	totalDocs	TFIDF
1	It	0001	2	37	2	12	0.04206222975046722
2	dummy	0001	2	37	2	12	0.04206222975046722
3	has	0001	2	37	2	12	0.04206222975046722
4	text	0001	2	37	2	12	0.04206222975046722
5	type	0001	2	37	2	12	0.04206222975046722
6	typesetting	0001	2	37	2	12	0.04206222975046722
7	with	0001	2	37	2	12	0.04206222975046722
8	and	0001	3	37	6	12	0.024407837486268746
9	Ipsum	0001	4	37	8	12	0.019036892870884458
10	Lorem	0001	4	37	8	12	0.019036892870884458
11	of	0001	4	37	8	12	0.019036892870884458
12	the	0001	6	37	10	12	0.012840202061776999
13	a	0001	2	37	8	12	0.009518446435442229
1	Latin	0002	3	62	2	12	0.037652479857273075
2	from	0002	4	62	4	12	0.03078201643352661
3	in	0002	5	62	5	12	0.03066219691222629
4	11032	0002	2	62	2	12	0.025101653238182052
5	45	0002	2	62	2	12	0.025101653238182052
6	BC	0002	2	62	2	12	0.025101653238182052
7	The	0002	2	62	2	12	0.025101653238182052
8	classical	0002	2	62	2	12	0.025101653238182052
9	comes	0002	2	62	2	12	0.025101653238182052
10	line	0002	2	62	2	12	0.025101653238182052
11	literature	0002	2	62	2	12	0.025101653238182052
12	popular	0002	2	62	2	12	0.025101653238182052
13	of	0002	7	62	8	12	0.019881271183705945
14	is	0002	2	62	4	12	0.015391008216763305
15	and	0002	3	62	6	12	0.014565967532128122
1	reproduced	0003	2	9	2	12	0.17292250008525414
2	by	0003	3	9	4	12	0.15904041823988746
3	from	0003	2	9	4	12	0.1060269454932583
4	the	0003	2	9	10	12	0.017595832455027736
1	as	0004	2	48	2	12	0.03242296876598515
2	content	0004	2	48	2	12	0.03242296876598515
3	here	0004	2	48	2	12	0.03242296876598515
4	it	0004	2	48	2	12	0.03242296876598515
5	like	0004	2	48	2	12	0.03242296876598515
6	page	0004	2	48	2	12	0.03242296876598515
7	readable	0004	2	48	2	12	0.03242296876598515
8	sometimes	0004	2	48	2	12	0.03242296876598515
9	that	0004	2	48	2	12	0.03242296876598515
10	their	0004	2	48	2	12	0.03242296876598515
11	using	0004	2	48	2	12	0.03242296876598515
12	web	0004	2	48	2	12	0.03242296876598515
13	will	0004	2	48	2	12	0.03242296876598515
14	by	0004	2	48	4	12	0.019880052279985932
15	is	0004	2	48	4	12	0.019880052279985932
1	to	0005	4	50	2	12	0.06225210003069149
2	words	0005	3	50	2	12	0.04668907502301862
3	Internet	0005	2	50	2	12	0.031126050015345744
4	are	0005	2	50	2	12	0.031126050015345744
5	humour	0005	2	50	2	12	0.031126050015345744
6	injected	0005	2	50	2	12	0.031126050015345744
7	on	0005	2	50	2	12	0.031126050015345744
8	or	0005	2	50	2	12	0.031126050015345744
9	which	0005	2	50	2	12	0.031126050015345744
10	you	0005	2	50	2	12	0.031126050015345744
11	of	0005	6	50	8	12	0.021130951086681747
12	Ipsum	0005	5	50	8	12	0.017609125905568124
13	Lorem	0005	5	50	8	12	0.017609125905568124
14	in	0005	2	50	5	12	0.015208449668464241
15	a	0005	3	50	8	12	0.010565475543340874
1	amet	0006	6	75	1	12	0.08633449968380999
2	sit	0006	6	75	1	12	0.08633449968380999
3	magna	0006	3	75	1	12	0.043167249841904995
4	semper	0006	3	75	1	12	0.043167249841904995
5	nisi	0006	4	75	2	12	0.041501400020460995
6	Cras	0006	3	75	2	12	0.031126050015345744
7	et	0006	3	75	2	12	0.031126050015345744
8	Duis	0006	2	75	1	12	0.02877816656127
9	Vestibulum	0006	2	75	1	12	0.02877816656127
10	ac	0006	2	75	1	12	0.02877816656127
11	aliquet	0006	2	75	1	12	0.02877816656127
12	ante	0006	2	75	1	12	0.02877816656127
13	consectetur	0006	2	75	1	12	0.02877816656127
14	convallis	0006	2	75	1	12	0.02877816656127
15	elit	0006	2	75	1	12	0.02877816656127
1	augue	0007	3	38	1	12	0.08519851942481249
2	diam	0007	3	38	1	12	0.08519851942481249
3	faucibus	0007	2	38	1	12	0.056799012949874994
4	fermentum	0007	2	38	1	12	0.056799012949874994
5	imperdiet	0007	2	38	1	12	0.056799012949874994
6	mi	0007	2	38	1	12	0.056799012949874994
7	nisl	0007	2	38	1	12	0.056799012949874994
8	non	0007	2	38	1	12	0.056799012949874994
9	sed	0007	2	38	1	12	0.056799012949874994
10	sollicitudin	0007	2	38	1	12	0.056799012949874994
11	ut	0007	2	38	1	12	0.056799012949874994
12	vehicula	0007	2	38	1	12	0.056799012949874994
13	Cras	0007	2	38	2	12	0.04095532896756019
14	Donec	0007	2	38	2	12	0.04095532896756019
15	et	0007	2	38	2	12	0.04095532896756019
1	It	0008	2	37	2	12	0.04206222975046722
2	dummy	0008	2	37	2	12	0.04206222975046722
3	has	0008	2	37	2	12	0.04206222975046722
4	text	0008	2	37	2	12	0.04206222975046722
5	type	0008	2	37	2	12	0.04206222975046722
6	typesetting	0008	2	37	2	12	0.04206222975046722
7	with	0008	2	37	2	12	0.04206222975046722
8	and	0008	3	37	6	12	0.024407837486268746
9	Ipsum	0008	4	37	8	12	0.019036892870884458
10	Lorem	0008	4	37	8	12	0.019036892870884458
11	of	0008	4	37	8	12	0.019036892870884458
12	the	0008	6	37	10	12	0.012840202061776999
13	a	0008	2	37	8	12	0.009518446435442229
1	Latin	0009	3	62	2	12	0.037652479857273075
2	from	0009	4	62	4	12	0.03078201643352661
3	in	0009	5	62	5	12	0.03066219691222629
4	11032	0009	2	62	2	12	0.025101653238182052
5	45	0009	2	62	2	12	0.025101653238182052
6	BC	0009	2	62	2	12	0.025101653238182052
7	The	0009	2	62	2	12	0.025101653238182052
8	classical	0009	2	62	2	12	0.025101653238182052
9	comes	0009	2	62	2	12	0.025101653238182052
10	line	0009	2	62	2	12	0.025101653238182052
11	literature	0009	2	62	2	12	0.025101653238182052
12	popular	0009	2	62	2	12	0.025101653238182052
13	of	0009	7	62	8	12	0.019881271183705945
14	is	0009	2	62	4	12	0.015391008216763305
15	and	0009	3	62	6	12	0.014565967532128122
1	reproduced	0010	2	9	2	12	0.17292250008525414
2	by	0010	3	9	4	12	0.15904041823988746
3	from	0010	2	9	4	12	0.1060269454932583
4	the	0010	2	9	10	12	0.017595832455027736
1	as	0011	2	48	2	12	0.03242296876598515
2	content	0011	2	48	2	12	0.03242296876598515
3	here	0011	2	48	2	12	0.03242296876598515
4	it	0011	2	48	2	12	0.03242296876598515
5	like	0011	2	48	2	12	0.03242296876598515
6	page	0011	2	48	2	12	0.03242296876598515
7	readable	0011	2	48	2	12	0.03242296876598515
8	sometimes	0011	2	48	2	12	0.03242296876598515
9	that	0011	2	48	2	12	0.03242296876598515
10	their	0011	2	48	2	12	0.03242296876598515
11	using	0011	2	48	2	12	0.03242296876598515
12	web	0011	2	48	2	12	0.03242296876598515
13	will	0011	2	48	2	12	0.03242296876598515
14	by	0011	2	48	4	12	0.019880052279985932
15	is	0011	2	48	4	12	0.019880052279985932
1	to	0012	4	50	2	12	0.06225210003069149
2	words	0012	3	50	2	12	0.04668907502301862
3	Internet	0012	2	50	2	12	0.031126050015345744
4	are	0012	2	50	2	12	0.031126050015345744
5	humour	0012	2	50	2	12	0.031126050015345744
6	injected	0012	2	50	2	12	0.031126050015345744
7	on	0012	2	50	2	12	0.031126050015345744
8	or	0012	2	50	2	12	0.031126050015345744
9	which	0012	2	50	2	12	0.031126050015345744
10	you	0012	2	50	2	12	0.031126050015345744
11	of	0012	6	50	8	12	0.021130951086681747
12	Ipsum	0012	5	50	8	12	0.017609125905568124
13	Lorem	0012	5	50	8	12	0.017609125905568124
14	in	0012	2	50	5	12	0.015208449668464241
15	a	0012	3	50	8	12	0.010565475543340874
