	Word	Document	n	N	m	totalDocs	TFIDF
0	11032	0002	2	62	2	12	0.025101653238182052
1	11032	0009	2	62	2	12	0.025101653238182052
2	45	0002	2	62	2	12	0.025101653238182052
3	45	0009	2	62	2	12	0.025101653238182052
4	BC	0002	2	62	2	12	0.025101653238182052
5	BC	0009	2	62	2	12	0.025101653238182052
6	Cras	0006	3	75	2	12	0.031126050015345744
7	Cras	0007	2	38	2	12	0.04095532896756019
8	Donec	0006	2	75	2	12	0.020750700010230497
9	Donec	0007	2	38	2	12	0.04095532896756019
10	Duis	0006	2	75	1	12	0.02877816656127
11	Internet	0005	2	50	2	12	0.031126050015345744
12	Internet	0012	2	50	2	12	0.031126050015345744
13	Ipsum	0001	4	37	8	12	0.019036892870884458
14	Ipsum	0002	4	62	8	12	0.011360726390689111
15	Ipsum	0004	2	48	8	12	0.007337135793986718
16	Ipsum	0005	5	50	8	12	0.017609125905568124
17	Ipsum	0008	4	37	8	12	0.019036892870884458
18	Ipsum	0009	4	62	8	12	0.011360726390689111
19	Ipsum	0011	2	48	8	12	0.007337135793986718
20	Ipsum	0012	5	50	8	12	0.017609125905568124
21	It	0001	2	37	2	12	0.04206222975046722
22	It	0008	2	37	2	12	0.04206222975046722
23	Latin	0002	3	62	2	12	0.037652479857273075
24	Latin	0009	3	62	2	12	0.037652479857273075
25	Lorem	0001	4	37	8	12	0.019036892870884458
26	Lorem	0002	5	62	8	12	0.01420090798836139
27	Lorem	0004	2	48	8	12	0.007337135793986718
28	Lorem	0005	5	50	8	12	0.017609125905568124
29	Lorem	0008	4	37	8	12	0.019036892870884458
30	Lorem	0009	5	62	8	12	0.01420090798836139
31	Lorem	0011	2	48	8	12	0.007337135793986718
32	Lorem	0012	5	50	8	12	0.017609125905568124
33	The	0002	2	62	2	12	0.025101653238182052
34	The	0009	2	62	2	12	0.025101653238182052
35	Vestibulum	0006	2	75	1	12	0.02877816656127
36	a	0001	2	37	8	12	0.009518446435442229
37	a	0002	5	62	8	12	0.01420090798836139
38	a	0004	5	48	8	12	0.018342839484966796
39	a	0005	3	50	8	12	0.010565475543340874
40	a	0008	2	37	8	12	0.009518446435442229
41	a	0009	5	62	8	12	0.01420090798836139
42	a	0011	5	48	8	12	0.018342839484966796
43	a	0012	3	50	8	12	0.010565475543340874
44	ac	0006	2	75	1	12	0.02877816656127
45	aliquet	0006	2	75	1	12	0.02877816656127
46	amet	0006	6	75	1	12	0.08633449968380999
47	and	0001	3	37	6	12	0.024407837486268746
48	and	0002	3	62	6	12	0.014565967532128122
49	and	0004	3	48	6	12	0.018814374728998825
50	and	0008	3	37	6	12	0.024407837486268746
51	and	0009	3	62	6	12	0.014565967532128122
52	and	0011	3	48	6	12	0.018814374728998825
53	ante	0006	2	75	1	12	0.02877816656127
54	are	0005	2	50	2	12	0.031126050015345744
55	are	0012	2	50	2	12	0.031126050015345744
56	as	0004	2	48	2	12	0.03242296876598515
57	as	0011	2	48	2	12	0.03242296876598515
58	augue	0007	3	38	1	12	0.08519851942481249
59	by	0003	3	9	4	12	0.15904041823988746
60	by	0004	2	48	4	12	0.019880052279985932
61	by	0010	3	9	4	12	0.15904041823988746
62	by	0011	2	48	4	12	0.019880052279985932
63	classical	0002	2	62	2	12	0.025101653238182052
64	classical	0009	2	62	2	12	0.025101653238182052
65	comes	0002	2	62	2	12	0.025101653238182052
66	comes	0009	2	62	2	12	0.025101653238182052
67	consectetur	0006	2	75	1	12	0.02877816656127
68	content	0004	2	48	2	12	0.03242296876598515
69	content	0011	2	48	2	12	0.03242296876598515
70	convallis	0006	2	75	1	12	0.02877816656127
71	diam	0007	3	38	1	12	0.08519851942481249
72	dummy	0001	2	37	2	12	0.04206222975046722
73	dummy	0008	2	37	2	12	0.04206222975046722
74	elit	0006	2	75	1	12	0.02877816656127
75	et	0006	3	75	2	12	0.031126050015345744
76	et	0007	2	38	2	12	0.04095532896756019
77	eu	0006	2	75	1	12	0.02877816656127
78	faucibus	0007	2	38	1	12	0.056799012949874994
79	fermentum	0007	2	38	1	12	0.056799012949874994
80	feugiat	0006	2	75	1	12	0.02877816656127
81	fringilla	0006	2	75	1	12	0.02877816656127
82	from	0002	4	62	4	12	0.03078201643352661
83	from	0003	2	9	4	12	0.1060269454932583
84	from	0009	4	62	4	12	0.03078201643352661
85	from	0010	2	9	4	12	0.1060269454932583
86	gravida	0006	2	75	2	12	0.020750700010230497
87	gravida	0007	2	38	2	12	0.04095532896756019
88	has	0001	2	37	2	12	0.04206222975046722
89	has	0008	2	37	2	12	0.04206222975046722
90	here	0004	2	48	2	12	0.03242296876598515
91	here	0011	2	48	2	12	0.03242296876598515
92	humour	0005	2	50	2	12	0.031126050015345744
93	humour	0012	2	50	2	12	0.031126050015345744
94	imperdiet	0007	2	38	1	12	0.056799012949874994
95	in	0002	5	62	5	12	0.03066219691222629
96	in	0005	2	50	5	12	0.015208449668464241
97	in	0006	3	75	5	12	0.015208449668464241
98	in	0009	5	62	5	12	0.03066219691222629
99	in	0012	2	50	5	12	0.015208449668464241
100	injected	0005	2	50	2	12	0.031126050015345744
101	injected	0012	2	50	2	12	0.031126050015345744
102	ipsum	0006	2	75	1	12	0.02877816656127
103	is	0002	2	62	4	12	0.015391008216763305
104	is	0004	2	48	4	12	0.019880052279985932
105	is	0009	2	62	4	12	0.015391008216763305
106	is	0011	2	48	4	12	0.019880052279985932
107	it	0004	2	48	2	12	0.03242296876598515
108	it	0011	2	48	2	12	0.03242296876598515
109	like	0004	2	48	2	12	0.03242296876598515
110	like	0011	2	48	2	12	0.03242296876598515
111	line	0002	2	62	2	12	0.025101653238182052
112	line	0009	2	62	2	12	0.025101653238182052
113	literature	0002	2	62	2	12	0.025101653238182052
114	literature	0009	2	62	2	12	0.025101653238182052
115	luctus	0006	2	75	1	12	0.02877816656127
116	magna	0006	3	75	1	12	0.043167249841904995
117	mi	0007	2	38	1	12	0.056799012949874994
118	nisi	0006	4	75	2	12	0.041501400020460995
119	nisi	0007	2	38	2	12	0.04095532896756019
120	nisl	0007	2	38	1	12	0.056799012949874994
121	non	0007	2	38	1	12	0.056799012949874994
122	nunc	0006	2	75	1	12	0.02877816656127
123	of	0001	4	37	8	12	0.019036892870884458
124	of	0002	7	62	8	12	0.019881271183705945
125	of	0004	3	48	8	12	0.011005703690980077
126	of	0005	6	50	8	12	0.021130951086681747
127	of	0008	4	37	8	12	0.019036892870884458
128	of	0009	7	62	8	12	0.019881271183705945
129	of	0011	3	48	8	12	0.011005703690980077
130	of	0012	6	50	8	12	0.021130951086681747
131	on	0005	2	50	2	12	0.031126050015345744
132	on	0012	2	50	2	12	0.031126050015345744
133	or	0005	2	50	2	12	0.031126050015345744
134	or	0012	2	50	2	12	0.031126050015345744
135	orci	0006	2	75	1	12	0.02877816656127
136	page	0004	2	48	2	12	0.03242296876598515
137	page	0011	2	48	2	12	0.03242296876598515
138	popular	0002	2	62	2	12	0.025101653238182052
139	popular	0009	2	62	2	12	0.025101653238182052
140	posuere	0006	2	75	1	12	0.02877816656127
141	quis	0006	2	75	1	12	0.02877816656127
142	readable	0004	2	48	2	12	0.03242296876598515
143	readable	0011	2	48	2	12	0.03242296876598515
144	reproduced	0003	2	9	2	12	0.17292250008525414
145	reproduced	0010	2	9	2	12	0.17292250008525414
146	sed	0007	2	38	1	12	0.056799012949874994
147	semper	0006	3	75	1	12	0.043167249841904995
148	sit	0006	6	75	1	12	0.08633449968380999
149	sollicitudin	0007	2	38	1	12	0.056799012949874994
150	sometimes	0004	2	48	2	12	0.03242296876598515
151	sometimes	0011	2	48	2	12	0.03242296876598515
152	text	0001	2	37	2	12	0.04206222975046722
153	text	0008	2	37	2	12	0.04206222975046722
154	that	0004	2	48	2	12	0.03242296876598515
155	that	0011	2	48	2	12	0.03242296876598515
156	the	0001	6	37	10	12	0.012840202061776999
157	the	0002	6	62	10	12	0.007662701230415305
158	the	0003	2	9	10	12	0.017595832455027736
159	the	0004	3	48	10	12	0.004948827877976551
160	the	0005	6	50	10	12	0.009501749525714977
161	the	0008	6	37	10	12	0.012840202061776999
162	the	0009	6	62	10	12	0.007662701230415305
163	the	0010	2	9	10	12	0.017595832455027736
164	the	0011	3	48	10	12	0.004948827877976551
165	the	0012	6	50	10	12	0.009501749525714977
166	their	0004	2	48	2	12	0.03242296876598515
167	their	0011	2	48	2	12	0.03242296876598515
168	tincidunt	0006	2	75	1	12	0.02877816656127
169	to	0005	4	50	2	12	0.06225210003069149
170	to	0012	4	50	2	12	0.06225210003069149
171	type	0001	2	37	2	12	0.04206222975046722
172	type	0008	2	37	2	12	0.04206222975046722
173	typesetting	0001	2	37	2	12	0.04206222975046722
174	typesetting	0008	2	37	2	12	0.04206222975046722
175	ultrices	0006	2	75	1	12	0.02877816656127
176	using	0004	2	48	2	12	0.03242296876598515
177	using	0011	2	48	2	12	0.03242296876598515
178	ut	0007	2	38	1	12	0.056799012949874994
179	vehicula	0007	2	38	1	12	0.056799012949874994
180	viverra	0006	2	75	2	12	0.020750700010230497
181	viverra	0007	2	38	2	12	0.04095532896756019
182	web	0004	2	48	2	12	0.03242296876598515
183	web	0011	2	48	2	12	0.03242296876598515
184	which	0005	2	50	2	12	0.031126050015345744
185	which	0012	2	50	2	12	0.031126050015345744
186	will	0004	2	48	2	12	0.03242296876598515
187	will	0011	2	48	2	12	0.03242296876598515
188	with	0001	2	37	2	12	0.04206222975046722
189	with	0008	2	37	2	12	0.04206222975046722
190	words	0005	3	50	2	12	0.04668907502301862
191	words	0012	3	50	2	12	0.04668907502301862
192	you	0005	2	50	2	12	0.031126050015345744
193	you	0012	2	50	2	12	0.031126050015345744
