level_1	word	Document	n	N	m	TFIDF
1	Alice	11-0.txt	385	29390	1	0.007886801519607538
2	Queen	11-0.txt	67	29390	1	0.0013725083163992336
3	Mock	11-0.txt	56	29390	1	0.0011471711301247324
4	Turtle	11-0.txt	56	29390	1	0.0011471711301247324
5	Gryphon	11-0.txt	55	29390	1	0.0011266859313725053
6	Hatter	11-0.txt	54	29390	1	0.001106200732620278
7	Rabbit	11-0.txt	40	29390	1	0.0008194079500890947
8	Dormouse	11-0.txt	39	29390	1	0.0007989227513368674
9	Duchess	11-0.txt	39	29390	1	0.0007989227513368674
10	Hare	11-0.txt	31	29390	1	0.0006350411613190483
11	King	11-0.txt	59	29390	2	0.0006043133631907074
12	Mouse	11-0.txt	29	29390	1	0.0005940707638145938
13	Caterpillar	11-0.txt	26	29390	1	0.0005326151675579116
14	Cat	11-0.txt	24	29390	1	0.0004916447700534568
15	jury	11-0.txt	17	29390	1	0.00034824837878786534
1	Elizabeth	1342-0.txt	594	124543	1	0.0028714872361257533
2	Mr	1342-0.txt	783	124543	2	0.001892571132901065
3	Darcy	1342-0.txt	370	124543	1	0.0017886368305833817
4	Mrs	1342-0.txt	343	124543	1	0.0016581146834867564
5	Bennet	1342-0.txt	292	124543	1	0.00141157285008202
6	Bingley	1342-0.txt	256	124543	1	0.0012375433206198536
7	Wickham	1342-0.txt	161	124543	1	0.0007782987289835795
8	Collins	1342-0.txt	155	124543	1	0.0007492938074065517
9	Miss	1342-0.txt	281	124543	2	0.0006791985802620678
10	Lady	1342-0.txt	137	124543	1	0.0006622790426754683
11	Jane	1342-0.txt	263	124543	2	0.0006356911978965262
12	Lydia	1342-0.txt	130	124543	1	0.0006284399675022691
13	Catherine	1342-0.txt	110	124543	1	0.0005317568955788432
14	Lizzy	1342-0.txt	92	124543	1	0.0004447421308477597
15	Longbourn	1342-0.txt	88	124543	1	0.0004254055164630745
1	Jennie	1952-0.txt	12	9088	1	0.0007949735800985418
2	wallpaper	1952-0.txt	11	9088	1	0.0007287257817569965
3	pattern	1952-0.txt	21	9088	2	0.0006956018825862242
4	John	1952-0.txt	43	9088	3	0.0005911493919626867
5	daylight	1952-0.txt	5	9088	1	0.00033123899170772584
6	nursery	1952-0.txt	5	9088	1	0.00033123899170772584
7	creeping	1952-0.txt	9	9088	2	0.0002981150925369532
8	Gilman	1952-0.txt	4	9088	1	0.00026499119336618066
9	Perkins	1952-0.txt	4	9088	1	0.00026499119336618066
10	arbors	1952-0.txt	4	9088	1	0.00026499119336618066
11	color	1952-0.txt	4	9088	1	0.00026499119336618066
12	creep	1952-0.txt	8	9088	2	0.00026499119336618066
13	daytime	1952-0.txt	4	9088	1	0.00026499119336618066
14	physician	1952-0.txt	4	9088	1	0.00026499119336618066
15	yellow	1952-0.txt	8	9088	2	0.00026499119336618066
1	Kurtz	219-0.txt	93	40913	1	0.0013685522741793685
2	pilgrims	219-0.txt	30	40913	1	0.0004414684755417316
3	ivory	219-0.txt	27	40913	1	0.00039732162798755856
4	river	219-0.txt	53	40913	2	0.00038996382006186315
5	Mr	219-0.txt	51	40913	2	0.000375248204210472
6	forest	219-0.txt	23	40913	1	0.00033845916458199435
7	men	219-0.txt	46	40913	2	0.00033845916458199435
8	Kurtzs	219-0.txt	21	40913	1	0.0003090279328792122
9	black	219-0.txt	39	40913	2	0.00028695450910212565
10	manager	219-0.txt	38	40913	2	0.00027959670117643013
11	steamer	219-0.txt	19	40913	1	0.00027959670117643013
12	earth	219-0.txt	37	40913	2	0.00027223889325073456
13	steamboat	219-0.txt	18	40913	1	0.00026488108532503904
14	bush	219-0.txt	17	40913	1	0.000250165469473648
15	deck	219-0.txt	15	40913	1	0.00022073423777086587
