level_1	word	Document	n	N	m	TFIDF
1	Alice	11-0.txt	385	27528	1	0.008420266516320309
2	Queen	11-0.txt	67	27528	1	0.0014653450820609373
3	Mock	11-0.txt	56	27528	1	0.0012247660387375
4	Turtle	11-0.txt	56	27528	1	0.0012247660387375
5	Gryphon	11-0.txt	55	27528	1	0.0012028952166171873
6	Hatter	11-0.txt	54	27528	1	0.0011810243944968748
7	Rabbit	11-0.txt	40	27528	1	0.0008748328848124999
8	Dormouse	11-0.txt	39	27528	1	0.0008529620626921872
9	Duchess	11-0.txt	39	27528	1	0.0008529620626921872
10	Hare	11-0.txt	31	27528	1	0.0006779954857296874
11	King	11-0.txt	59	27528	2	0.0006451892525492186
12	Mouse	11-0.txt	29	27528	1	0.0006342538414890624
13	Im	11-0.txt	55	27528	2	0.0006014476083085937
14	Caterpillar	11-0.txt	26	27528	1	0.0005686413751281249
15	Cat	11-0.txt	24	27528	1	0.0005248997308874999
1	Elizabeth	1342-0.txt	594	121259	1	0.0029492543633776428
2	Mr	1342-0.txt	783	121259	2	0.0019438267394989012
3	Darcy	1342-0.txt	370	121259	1	0.0018370776337537508
4	Mrs	1342-0.txt	343	121259	1	0.0017030206172365856
5	Bennet	1342-0.txt	292	121259	1	0.0014498018082597169
6	Jane	1342-0.txt	263	121259	1	0.0013058146423709095
7	Bingley	1342-0.txt	256	121259	1	0.0012710591195701632
8	Wickham	1342-0.txt	161	121259	1	0.0007993770244171728
9	Collins	1342-0.txt	155	121259	1	0.0007695865763022472
10	Miss	1342-0.txt	281	121259	2	0.0006975929933578433
11	Lady	1342-0.txt	137	121259	1	0.0006802152319574699
12	Lydia	1342-0.txt	130	121259	1	0.0006454597091567234
13	Catherine	1342-0.txt	110	121259	1	0.0005461582154403043
14	Lizzy	1342-0.txt	92	121259	1	0.00045678687109552724
15	Longbourn	1342-0.txt	88	121259	1	0.00043692657235224353
1	John	1952-0.txt	43	7918	2	0.0016347928534416762
2	pattern	1952-0.txt	21	7918	1	0.0015967744149895438
3	Jennie	1952-0.txt	12	7918	1	0.0009124425228511679
4	wallpaper	1952-0.txt	11	7918	1	0.0008364056459469041
5	creeping	1952-0.txt	9	7918	1	0.0006843318921383761
6	creep	1952-0.txt	8	7918	1	0.0006082950152341121
7	daylight	1952-0.txt	5	7918	1	0.00038018438452132005
8	nursery	1952-0.txt	5	7918	1	0.00038018438452132005
9	Gilman	1952-0.txt	4	7918	1	0.00030414750761705603
10	Perkins	1952-0.txt	4	7918	1	0.00030414750761705603
11	arbors	1952-0.txt	4	7918	1	0.00030414750761705603
12	color	1952-0.txt	4	7918	1	0.00030414750761705603
13	darling	1952-0.txt	4	7918	1	0.00030414750761705603
14	daytime	1952-0.txt	4	7918	1	0.00030414750761705603
15	physician	1952-0.txt	4	7918	1	0.00030414750761705603
1	Kurtz	219-0.txt	93	36949	1	0.0015153746838480204
2	black	219-0.txt	39	36949	1	0.0006354797061298149
3	manager	219-0.txt	38	36949	1	0.0006191853546905888
4	pilgrims	219-0.txt	30	36949	1	0.0004888305431767809
5	ivory	219-0.txt	27	36949	1	0.00043994748885910266
6	river	219-0.txt	53	36949	2	0.0004318003131394897
7	Mr	219-0.txt	51	36949	2	0.0004155059617002637
8	darkness	219-0.txt	24	36949	1	0.0003910644345414246
9	forest	219-0.txt	23	36949	1	0.00037477008310219864
10	men	219-0.txt	46	36949	2	0.00037477008310219864
11	Kurtzs	219-0.txt	21	36949	1	0.00034218138022374647
12	wilderness	219-0.txt	21	36949	1	0.00034218138022374647
13	station	219-0.txt	40	36949	2	0.00032588702878452047
14	steamer	219-0.txt	19	36949	1	0.00030959267734529446
15	earth	219-0.txt	37	36949	2	0.00030144550162568143
