11032_and,0009,1,128,4,0.0037275098024973628
11032_and,0003,1,46,4,0.010372201189557879
11032_and,0002,1,128,4,0.0037275098024973628
11032_and,0010,1,46,4,0.010372201189557879
11033_from,0010,1,46,2,0.01691633153007921
11033_from,0003,1,46,2,0.01691633153007921
11033_of,0009,1,128,2,0.006079306643622216
11033_of,0002,1,128,2,0.006079306643622216
1500s_is,0010,1,46,2,0.01691633153007921
1500s_is,0003,1,46,2,0.01691633153007921
1500s_when,0001,1,90,2,0.008646125004262708
1500s_when,0008,1,90,2,0.008646125004262708
1914_translation,0010,1,46,2,0.01691633153007921
1914_translation,0003,1,46,2,0.01691633153007921
1960s_with,0008,1,90,2,0.008646125004262708
1960s_with,0001,1,90,2,0.008646125004262708
2000_years,0009,1,128,2,0.006079306643622216
2000_years,0002,1,128,2,0.006079306643622216
200_Latin,0012,1,120,2,0.00648459375319703
200_Latin,0005,1,120,2,0.00648459375319703
45_BC,0009,2,128,2,0.012158613287244432
45_BC,0002,2,128,2,0.012158613287244432
Aldus_PageMaker,0001,1,90,2,0.008646125004262708
Aldus_PageMaker,0008,1,90,2,0.008646125004262708
Aliquam_consectetur,0006,1,133,1,0.008114144707125
Aliquam_varius,0007,1,98,1,0.011012053531098213
All_the,0005,1,120,2,0.00648459375319703
All_the,0012,1,120,2,0.00648459375319703
BC_This,0009,1,128,2,0.006079306643622216
BC_This,0002,1,128,2,0.006079306643622216
BC_making,0002,1,128,2,0.006079306643622216
BC_making,0009,1,128,2,0.006079306643622216
Bonorum_et,0002,1,128,4,0.0037275098024973628
Bonorum_et,0009,1,128,4,0.0037275098024973628
Bonorum_et,0010,1,46,4,0.010372201189557879
Bonorum_et,0003,1,46,4,0.010372201189557879
Cicero_are,0010,1,46,2,0.01691633153007921
Cicero_are,0003,1,46,2,0.01691633153007921
Cicero_written,0002,1,128,2,0.006079306643622216
Cicero_written,0009,1,128,2,0.006079306643622216
College_in,0002,1,128,2,0.006079306643622216
College_in,0009,1,128,2,0.006079306643622216
Content_here,0011,1,103,2,0.007554866508579064
Content_here,0004,1,103,2,0.007554866508579064
Contrary_to,0002,1,128,2,0.006079306643622216
Contrary_to,0009,1,128,2,0.006079306643622216
Cras_aliquet,0006,1,133,1,0.008114144707125
Cras_et,0006,1,133,2,0.005850761281080027
Cras_et,0007,1,98,2,0.007940318881465751
Cras_eu,0006,1,133,1,0.008114144707125
Cras_imperdiet,0007,1,98,1,0.011012053531098213
Curabitur_elementum,0007,1,98,1,0.011012053531098213
Curae_Suspendisse,0006,1,133,1,0.008114144707125
Donec_euismod,0007,1,98,1,0.011012053531098213
Donec_feugiat,0006,1,133,1,0.008114144707125
Donec_imperdiet,0006,1,133,1,0.008114144707125
Donec_viverra,0007,1,98,1,0.011012053531098213
Duis_et,0006,1,133,1,0.008114144707125
Duis_magna,0006,1,133,1,0.008114144707125
English_Many,0004,1,103,2,0.007554866508579064
English_Many,0011,1,103,2,0.007554866508579064
English_versions,0010,1,46,2,0.01691633153007921
English_versions,0003,1,46,2,0.01691633153007921
Evil_by,0009,1,128,2,0.006079306643622216
Evil_by,0002,1,128,2,0.006079306643622216
Extremes_of,0002,1,128,2,0.006079306643622216
Extremes_of,0009,1,128,2,0.006079306643622216
Finibus_Bonorum,0002,1,128,4,0.0037275098024973628
Finibus_Bonorum,0010,1,46,4,0.010372201189557879
Finibus_Bonorum,0009,1,128,4,0.0037275098024973628
Finibus_Bonorum,0003,1,46,4,0.010372201189557879
Good_and,0002,1,128,2,0.006079306643622216
Good_and,0009,1,128,2,0.006079306643622216
H_Rackham,0003,1,46,2,0.01691633153007921
H_Rackham,0010,1,46,2,0.01691633153007921
HampdenSydney_College,0002,1,128,2,0.006079306643622216
HampdenSydney_College,0009,1,128,2,0.006079306643622216
If_you,0005,1,120,2,0.00648459375319703
If_you,0012,1,120,2,0.00648459375319703
Internet_It,0005,1,120,2,0.00648459375319703
Internet_It,0012,1,120,2,0.00648459375319703
Internet_tend,0012,1,120,2,0.00648459375319703
Internet_tend,0005,1,120,2,0.00648459375319703
Ipsum_Lorem,0009,1,128,2,0.006079306643622216
Ipsum_Lorem,0002,1,128,2,0.006079306643622216
Ipsum_as,0011,1,103,2,0.007554866508579064
Ipsum_as,0004,1,103,2,0.007554866508579064
Ipsum_available,0005,1,120,2,0.00648459375319703
Ipsum_available,0012,1,120,2,0.00648459375319703
Ipsum_comes,0009,1,128,2,0.006079306643622216
Ipsum_comes,0002,1,128,2,0.006079306643622216
Ipsum_generators,0005,1,120,2,0.00648459375319703
Ipsum_generators,0012,1,120,2,0.00648459375319703
Ipsum_has,0001,1,90,2,0.008646125004262708
Ipsum_has,0008,1,90,2,0.008646125004262708
Ipsum_is,0001,1,90,8,0.001956569545063125
Ipsum_is,0011,1,103,8,0.0017096238743270022
Ipsum_is,0009,1,128,8,0.0013757129613725097
Ipsum_is,0012,1,120,8,0.0014674271587973436
Ipsum_is,0004,1,103,8,0.0017096238743270022
Ipsum_is,0005,1,120,8,0.0014674271587973436
Ipsum_is,0008,1,90,8,0.001956569545063125
Ipsum_is,0002,1,128,8,0.0013757129613725097
Ipsum_passage,0002,1,128,2,0.006079306643622216
Ipsum_passage,0009,1,128,2,0.006079306643622216
Ipsum_passages,0001,1,90,2,0.008646125004262708
Ipsum_passages,0008,1,90,2,0.008646125004262708
Ipsum_used,0010,1,46,2,0.01691633153007921
Ipsum_used,0003,1,46,2,0.01691633153007921
Ipsum_which,0012,1,120,2,0.00648459375319703
Ipsum_which,0005,1,120,2,0.00648459375319703
Ipsum_you,0012,1,120,2,0.00648459375319703
Ipsum_you,0005,1,120,2,0.00648459375319703
It_has,0002,1,128,4,0.0037275098024973628
It_has,0001,1,90,4,0.005301347274662916
It_has,0008,1,90,4,0.005301347274662916
It_has,0009,1,128,4,0.0037275098024973628
It_is,0004,1,103,2,0.007554866508579064
It_is,0011,1,103,2,0.007554866508579064
It_uses,0005,1,120,2,0.00648459375319703
It_uses,0012,1,120,2,0.00648459375319703
It_was,0001,1,90,2,0.008646125004262708
It_was,0008,1,90,2,0.008646125004262708
Latin_literature,0002,1,128,2,0.006079306643622216
Latin_literature,0009,1,128,2,0.006079306643622216
Latin_professor,0002,1,128,2,0.006079306643622216
Latin_professor,0009,1,128,2,0.006079306643622216
Latin_words,0002,1,128,4,0.0037275098024973628
Latin_words,0009,1,128,4,0.0037275098024973628
Latin_words,0012,1,120,4,0.0039760104559971865
Latin_words,0005,1,120,4,0.0039760104559971865
Letraset_sheets,0001,1,90,2,0.008646125004262708
Letraset_sheets,0008,1,90,2,0.008646125004262708
Lorem_Ipsum,0010,1,46,10,0.0017213314358179308
Lorem_Ipsum,0002,4,128,10,0.0024744139389882755
Lorem_Ipsum,0005,5,120,10,0.0032992185853177006
Lorem_Ipsum,0001,4,90,10,0.0035191664910055476
Lorem_Ipsum,0011,2,103,10,0.0015374999232548507
Lorem_Ipsum,0008,4,90,10,0.0035191664910055476
Lorem_Ipsum,0012,5,120,10,0.0032992185853177006
Lorem_Ipsum,0004,2,103,10,0.0015374999232548507
Lorem_Ipsum,0003,1,46,10,0.0017213314358179308
Lorem_Ipsum,0009,4,128,10,0.0024744139389882755
Lorem_ipsum,0006,1,133,3,0.004526766852089943
Lorem_ipsum,0002,1,128,3,0.004703593682249706
Lorem_ipsum,0009,1,128,3,0.004703593682249706
Maecenas_sollicitudin,0007,1,98,1,0.011012053531098213
Malorum_The,0002,1,128,2,0.006079306643622216
Malorum_The,0009,1,128,2,0.006079306643622216
Malorum_by,0003,1,46,2,0.01691633153007921
Malorum_by,0010,1,46,2,0.01691633153007921
Many_desktop,0011,1,103,2,0.007554866508579064
Many_desktop,0004,1,103,2,0.007554866508579064
Mauris_ut,0007,1,98,1,0.011012053531098213
McClintock_a,0002,1,128,2,0.006079306643622216
McClintock_a,0009,1,128,2,0.006079306643622216
Nulla_facilisi,0007,1,98,1,0.011012053531098213
Nulla_feugiat,0006,1,133,1,0.008114144707125
Nunc_justo,0007,1,98,1,0.011012053531098213
PageMaker_including,0001,1,90,2,0.008646125004262708
PageMaker_including,0008,1,90,2,0.008646125004262708
Pellentesque_malesuada,0006,1,133,1,0.008114144707125
Praesent_tincidunt,0006,1,133,1,0.008114144707125
Renaissance_The,0002,1,128,2,0.006079306643622216
Renaissance_The,0009,1,128,2,0.006079306643622216
Richard_McClintock,0002,1,128,2,0.006079306643622216
Richard_McClintock,0009,1,128,2,0.006079306643622216
Sections_11032,0003,1,46,2,0.01691633153007921
Sections_11032,0010,1,46,2,0.01691633153007921
Sed_non,0007,1,98,1,0.011012053531098213
Suspendisse_pretium,0007,1,98,1,0.011012053531098213
Suspendisse_vulputate,0006,1,133,1,0.008114144707125
The_Extremes,0009,1,128,2,0.006079306643622216
The_Extremes,0002,1,128,2,0.006079306643622216
The_first,0002,1,128,2,0.006079306643622216
The_first,0009,1,128,2,0.006079306643622216
The_generated,0005,1,120,2,0.00648459375319703
The_generated,0012,1,120,2,0.00648459375319703
The_point,0011,1,103,2,0.007554866508579064
The_point,0004,1,103,2,0.007554866508579064
The_standard,0003,1,46,2,0.01691633153007921
The_standard,0010,1,46,2,0.01691633153007921
There_are,0012,1,120,2,0.00648459375319703
There_are,0005,1,120,2,0.00648459375319703
This_book,0002,1,128,2,0.006079306643622216
This_book,0009,1,128,2,0.006079306643622216
Ut_dictum,0006,1,133,1,0.008114144707125
Various_versions,0011,1,103,2,0.007554866508579064
Various_versions,0004,1,103,2,0.007554866508579064
Vestibulum_ante,0006,1,133,1,0.008114144707125
Vestibulum_eu,0006,1,133,1,0.008114144707125
Virginia_looked,0009,1,128,2,0.006079306643622216
Virginia_looked,0002,1,128,2,0.006079306643622216
a_Latin,0002,1,128,2,0.006079306643622216
a_Latin,0009,1,128,2,0.006079306643622216
a_Lorem,0009,1,128,2,0.006079306643622216
a_Lorem,0002,1,128,2,0.006079306643622216
a_dictionary,0005,1,120,2,0.00648459375319703
a_dictionary,0012,1,120,2,0.00648459375319703
a_galley,0008,1,90,2,0.008646125004262708
a_galley,0001,1,90,2,0.008646125004262708
a_handful,0005,1,120,2,0.00648459375319703
a_handful,0012,1,120,2,0.00648459375319703
a_line,0002,1,128,2,0.006079306643622216
a_line,0009,1,128,2,0.006079306643622216
a_long,0004,1,103,2,0.007554866508579064
a_long,0011,1,103,2,0.007554866508579064
a_moreorless,0004,1,103,2,0.007554866508579064
a_moreorless,0011,1,103,2,0.007554866508579064
a_page,0004,1,103,2,0.007554866508579064
a_page,0011,1,103,2,0.007554866508579064
a_passage,0005,1,120,2,0.00648459375319703
a_passage,0012,1,120,2,0.00648459375319703
a_piece,0002,1,128,2,0.006079306643622216
a_piece,0009,1,128,2,0.006079306643622216
a_reader,0004,1,103,2,0.007554866508579064
a_reader,0011,1,103,2,0.007554866508579064
a_search,0004,1,103,2,0.007554866508579064
a_search,0011,1,103,2,0.007554866508579064
a_treatise,0002,1,128,2,0.006079306643622216
a_treatise,0009,1,128,2,0.006079306643622216
a_type,0001,1,90,2,0.008646125004262708
a_type,0008,1,90,2,0.008646125004262708
ac_placerat,0007,1,98,1,0.011012053531098213
ac_sapien,0006,1,133,1,0.008114144707125
ac_venenatis,0006,1,133,1,0.008114144707125
accident_sometimes,0004,1,103,2,0.007554866508579064
accident_sometimes,0011,1,103,2,0.007554866508579064
accompanied_by,0010,1,46,2,0.01691633153007921
accompanied_by,0003,1,46,2,0.01691633153007921
adipiscing_elit,0006,1,133,1,0.008114144707125
aliquet_ante,0006,1,133,1,0.008114144707125
aliquet_facilisis,0007,1,98,1,0.011012053531098213
aliquet_nunc,0006,1,133,1,0.008114144707125
also_reproduced,0010,1,46,2,0.01691633153007921
also_reproduced,0003,1,46,2,0.01691633153007921
also_the,0008,1,90,2,0.008646125004262708
also_the,0001,1,90,2,0.008646125004262708
alteration_in,0005,1,120,2,0.00648459375319703
alteration_in,0012,1,120,2,0.00648459375319703
always_free,0005,1,120,2,0.00648459375319703
always_free,0012,1,120,2,0.00648459375319703
amet_Vestibulum,0006,1,133,1,0.008114144707125
amet_comes,0009,1,128,2,0.006079306643622216
amet_comes,0002,1,128,2,0.006079306643622216
amet_consectetur,0006,1,133,1,0.008114144707125
amet_mi,0007,1,98,1,0.011012053531098213
amet_nibh,0006,1,133,1,0.008114144707125
amet_pellentesque,0006,1,133,1,0.008114144707125
amet_sem,0006,1,133,1,0.008114144707125
amet_semper,0006,1,133,1,0.008114144707125
an_unknown,0008,1,90,2,0.008646125004262708
an_unknown,0001,1,90,2,0.008646125004262708
and_11033,0009,1,128,4,0.0037275098024973628
and_11033,0003,1,46,4,0.010372201189557879
and_11033,0002,1,128,4,0.0037275098024973628
and_11033,0010,1,46,4,0.010372201189557879
and_Evil,0009,1,128,2,0.006079306643622216
and_Evil,0002,1,128,2,0.006079306643622216
and_a,0004,1,103,2,0.007554866508579064
and_a,0011,1,103,2,0.007554866508579064
and_going,0009,1,128,2,0.006079306643622216
and_going,0002,1,128,2,0.006079306643622216
and_more,0008,1,90,2,0.008646125004262708
and_more,0001,1,90,2,0.008646125004262708
and_scrambled,0008,1,90,2,0.008646125004262708
and_scrambled,0001,1,90,2,0.008646125004262708
and_the,0004,1,103,2,0.007554866508579064
and_the,0011,1,103,2,0.007554866508579064
and_typesetting,0001,1,90,2,0.008646125004262708
and_typesetting,0008,1,90,2,0.008646125004262708
and_web,0011,1,103,2,0.007554866508579064
and_web,0004,1,103,2,0.007554866508579064
ante_ipsum,0006,1,133,1,0.008114144707125
ante_sed,0007,1,98,1,0.011012053531098213
ante_sit,0006,1,133,1,0.008114144707125
anything_embarrassing,0005,1,120,2,0.00648459375319703
anything_embarrassing,0012,1,120,2,0.00648459375319703
arcu_ac,0007,1,98,1,0.011012053531098213
arcu_convallis,0006,1,133,1,0.008114144707125
are_also,0010,1,46,2,0.01691633153007921
are_also,0003,1,46,2,0.01691633153007921
are_going,0005,1,120,2,0.00648459375319703
are_going,0012,1,120,2,0.00648459375319703
are_many,0012,1,120,2,0.00648459375319703
are_many,0005,1,120,2,0.00648459375319703
as_necessary,0012,1,120,2,0.00648459375319703
as_necessary,0005,1,120,2,0.00648459375319703
as_opposed,0004,1,103,2,0.007554866508579064
as_opposed,0011,1,103,2,0.007554866508579064
as_their,0004,1,103,2,0.007554866508579064
as_their,0011,1,103,2,0.007554866508579064
at_HampdenSydney,0002,1,128,2,0.006079306643622216
at_HampdenSydney,0009,1,128,2,0.006079306643622216
at_its,0011,1,103,2,0.007554866508579064
at_its,0004,1,103,2,0.007554866508579064
augue_augue,0007,1,98,1,0.011012053531098213
augue_gravida,0006,1,133,1,0.008114144707125
augue_nec,0007,1,98,1,0.011012053531098213
augue_porttitor,0007,1,98,1,0.011012053531098213
available_but,0012,1,120,2,0.00648459375319703
available_but,0005,1,120,2,0.00648459375319703
be_distracted,0004,1,103,2,0.007554866508579064
be_distracted,0011,1,103,2,0.007554866508579064
be_sure,0012,1,120,2,0.00648459375319703
be_sure,0005,1,120,2,0.00648459375319703
been_the,0008,1,90,2,0.008646125004262708
been_the,0001,1,90,2,0.008646125004262708
belief_Lorem,0009,1,128,2,0.006079306643622216
belief_Lorem,0002,1,128,2,0.006079306643622216
believable_If,0012,1,120,2,0.00648459375319703
believable_If,0005,1,120,2,0.00648459375319703
below_for,0010,1,46,2,0.01691633153007921
below_for,0003,1,46,2,0.01691633153007921
bibendum_semper,0006,1,133,1,0.008114144707125
book_It,0008,1,90,2,0.008646125004262708
book_It,0001,1,90,2,0.008646125004262708
book_is,0002,1,128,2,0.006079306643622216
book_is,0009,1,128,2,0.006079306643622216
but_also,0001,1,90,2,0.008646125004262708
but_also,0008,1,90,2,0.008646125004262708
but_the,0012,1,120,2,0.00648459375319703
but_the,0005,1,120,2,0.00648459375319703
by_Cicero,0002,1,128,4,0.0037275098024973628
by_Cicero,0009,1,128,4,0.0037275098024973628
by_Cicero,0010,1,46,4,0.010372201189557879
by_Cicero,0003,1,46,4,0.010372201189557879
by_English,0010,1,46,2,0.01691633153007921
by_English,0003,1,46,2,0.01691633153007921
by_H,0003,1,46,2,0.01691633153007921
by_H,0010,1,46,2,0.01691633153007921
by_accident,0011,1,103,2,0.007554866508579064
by_accident,0004,1,103,2,0.007554866508579064
by_injected,0005,1,120,2,0.00648459375319703
by_injected,0012,1,120,2,0.00648459375319703
by_the,0011,1,103,2,0.007554866508579064
by_the,0004,1,103,2,0.007554866508579064
centuries_but,0008,1,90,2,0.008646125004262708
centuries_but,0001,1,90,2,0.008646125004262708
chunk_of,0003,1,46,2,0.01691633153007921
chunk_of,0010,1,46,2,0.01691633153007921
chunks_as,0012,1,120,2,0.00648459375319703
chunks_as,0005,1,120,2,0.00648459375319703
cites_of,0002,1,128,2,0.006079306643622216
cites_of,0009,1,128,2,0.006079306643622216
classical_Latin,0009,1,128,2,0.006079306643622216
classical_Latin,0002,1,128,2,0.006079306643622216
classical_literature,0002,1,128,2,0.006079306643622216
classical_literature,0009,1,128,2,0.006079306643622216
combined_with,0012,1,120,2,0.00648459375319703
combined_with,0005,1,120,2,0.00648459375319703
comes_from,0002,2,128,2,0.012158613287244432
comes_from,0009,2,128,2,0.012158613287244432
commodo_Vestibulum,0006,1,133,1,0.008114144707125
condimentum_suscipit,0007,1,98,1,0.011012053531098213
congue_eu,0007,1,98,1,0.011012053531098213
consectetur_adipiscing,0006,1,133,1,0.008114144707125
consectetur_from,0009,1,128,2,0.006079306643622216
consectetur_from,0002,1,128,2,0.006079306643622216
consectetur_leo,0006,1,133,1,0.008114144707125
consequat_massa,0006,1,133,1,0.008114144707125
containing_Lorem,0001,1,90,2,0.008646125004262708
containing_Lorem,0008,1,90,2,0.008646125004262708
content_here,0004,1,103,2,0.007554866508579064
content_here,0011,1,103,2,0.007554866508579064
content_of,0011,1,103,2,0.007554866508579064
content_of,0004,1,103,2,0.007554866508579064
convallis_at,0006,1,133,1,0.008114144707125
convallis_nisi,0006,1,133,1,0.008114144707125
cubilia_Curae,0006,1,133,1,0.008114144707125
cursus_mauris,0006,1,133,1,0.008114144707125
dapibus_lacus,0007,1,98,1,0.011012053531098213
dapibus_ullamcorper,0006,1,133,1,0.008114144707125
de_Finibus,0010,1,46,4,0.010372201189557879
de_Finibus,0009,1,128,4,0.0037275098024973628
de_Finibus,0003,1,46,4,0.010372201189557879
de_Finibus,0002,1,128,4,0.0037275098024973628
default_model,0004,1,103,2,0.007554866508579064
default_model,0011,1,103,2,0.007554866508579064
desktop_publishing,0001,1,90,4,0.005301347274662916
desktop_publishing,0004,1,103,4,0.004632245191453033
desktop_publishing,0011,1,103,4,0.004632245191453033
desktop_publishing,0008,1,90,4,0.005301347274662916
diam_Nulla,0007,1,98,1,0.011012053531098213
diam_fringilla,0007,1,98,1,0.011012053531098213
diam_gravida,0007,1,98,1,0.011012053531098213
diam_sit,0006,1,133,1,0.008114144707125
dictionary_of,0012,1,120,2,0.00648459375319703
dictionary_of,0005,1,120,2,0.00648459375319703
dictum_nulla,0006,1,133,1,0.008114144707125
discovered_the,0009,1,128,2,0.006079306643622216
discovered_the,0002,1,128,2,0.006079306643622216
distracted_by,0004,1,103,2,0.007554866508579064
distracted_by,0011,1,103,2,0.007554866508579064
distribution_of,0004,1,103,2,0.007554866508579064
distribution_of,0011,1,103,2,0.007554866508579064
dolor_porta,0007,1,98,1,0.011012053531098213
dolor_sit,0006,1,133,3,0.004526766852089943
dolor_sit,0009,1,128,3,0.004703593682249706
dolor_sit,0002,1,128,3,0.004703593682249706
dont_look,0005,1,120,2,0.00648459375319703
dont_look,0012,1,120,2,0.00648459375319703
dui_ac,0006,1,133,1,0.008114144707125
dummy_text,0008,2,90,2,0.017292250008525415
dummy_text,0001,2,90,2,0.017292250008525415
during_the,0002,1,128,2,0.006079306643622216
during_the,0009,1,128,2,0.006079306643622216
editors_now,0004,1,103,2,0.007554866508579064
editors_now,0011,1,103,2,0.007554866508579064
electronic_typesetting,0008,1,90,2,0.008646125004262708
electronic_typesetting,0001,1,90,2,0.008646125004262708
elementum_magna,0007,1,98,1,0.011012053531098213
elit_Duis,0006,1,133,1,0.008114144707125
elit_sit,0006,1,133,1,0.008114144707125
embarrassing_hidden,0005,1,120,2,0.00648459375319703
embarrassing_hidden,0012,1,120,2,0.00648459375319703
eros_gravida,0007,1,98,1,0.011012053531098213
essentially_unchanged,0008,1,90,2,0.008646125004262708
essentially_unchanged,0001,1,90,2,0.008646125004262708
est_quis,0007,1,98,1,0.011012053531098213
established_fact,0011,1,103,2,0.007554866508579064
established_fact,0004,1,103,2,0.007554866508579064
et_Malorum,0002,1,128,4,0.0037275098024973628
et_Malorum,0010,1,46,4,0.010372201189557879
et_Malorum,0009,1,128,4,0.0037275098024973628
et_Malorum,0003,1,46,4,0.010372201189557879
et_condimentum,0007,1,98,1,0.011012053531098213
et_convallis,0006,1,133,1,0.008114144707125
et_eros,0007,1,98,1,0.011012053531098213
et_libero,0006,1,133,1,0.008114144707125
et_ultrices,0006,1,133,1,0.008114144707125
ethics_very,0002,1,128,2,0.006079306643622216
ethics_very,0009,1,128,2,0.006079306643622216
eu_mi,0006,1,133,1,0.008114144707125
eu_scelerisque,0007,1,98,1,0.011012053531098213
eu_velit,0006,1,133,1,0.008114144707125
euismod_nisl,0007,1,98,1,0.011012053531098213
even_slightly,0005,1,120,2,0.00648459375319703
even_slightly,0012,1,120,2,0.00648459375319703
ever_since,0008,1,90,2,0.008646125004262708
ever_since,0001,1,90,2,0.008646125004262708
evolved_over,0004,1,103,2,0.007554866508579064
evolved_over,0011,1,103,2,0.007554866508579064
ex_et,0007,1,98,1,0.011012053531098213
exact_original,0003,1,46,2,0.01691633153007921
exact_original,0010,1,46,2,0.01691633153007921
facilisi_Sed,0007,1,98,1,0.011012053531098213
facilisis_diam,0007,1,98,1,0.011012053531098213
fact_that,0004,1,103,2,0.007554866508579064
fact_that,0011,1,103,2,0.007554866508579064
faucibus_Aliquam,0007,1,98,1,0.011012053531098213
faucibus_mi,0007,1,98,1,0.011012053531098213
faucibus_orci,0006,1,133,1,0.008114144707125
fermentum_Curabitur,0007,1,98,1,0.011012053531098213
fermentum_mattis,0007,1,98,1,0.011012053531098213
feugiat_arcu,0007,1,98,1,0.011012053531098213
feugiat_dapibus,0006,1,133,1,0.008114144707125
feugiat_elit,0006,1,133,1,0.008114144707125
first_line,0002,1,128,2,0.006079306643622216
first_line,0009,1,128,2,0.006079306643622216
first_true,0005,1,120,2,0.00648459375319703
first_true,0012,1,120,2,0.00648459375319703
five_centuries,0001,1,90,2,0.008646125004262708
five_centuries,0008,1,90,2,0.008646125004262708
for_lorem,0011,1,103,2,0.007554866508579064
for_lorem,0004,1,103,2,0.007554866508579064
for_those,0003,1,46,2,0.01691633153007921
for_those,0010,1,46,2,0.01691633153007921
form_accompanied,0003,1,46,2,0.01691633153007921
form_accompanied,0010,1,46,2,0.01691633153007921
form_by,0005,1,120,2,0.00648459375319703
form_by,0012,1,120,2,0.00648459375319703
free_from,0005,1,120,2,0.00648459375319703
free_from,0012,1,120,2,0.00648459375319703
fringilla_cursus,0006,1,133,1,0.008114144707125
fringilla_non,0007,1,98,1,0.011012053531098213
fringilla_ultricies,0006,1,133,1,0.008114144707125
from_45,0009,1,128,2,0.006079306643622216
from_45,0002,1,128,2,0.006079306643622216
from_a,0009,2,128,2,0.012158613287244432
from_a,0002,2,128,2,0.012158613287244432
from_de,0003,1,46,2,0.01691633153007921
from_de,0010,1,46,2,0.01691633153007921
from_repetition,0005,1,120,2,0.00648459375319703
from_repetition,0012,1,120,2,0.00648459375319703
from_sections,0002,1,128,2,0.006079306643622216
from_sections,0009,1,128,2,0.006079306643622216
from_the,0010,1,46,2,0.01691633153007921
from_the,0003,1,46,2,0.01691633153007921
galley_of,0001,1,90,2,0.008646125004262708
galley_of,0008,1,90,2,0.008646125004262708
generate_Lorem,0012,1,120,2,0.00648459375319703
generate_Lorem,0005,1,120,2,0.00648459375319703
generated_Lorem,0005,1,120,2,0.00648459375319703
generated_Lorem,0012,1,120,2,0.00648459375319703
generator_on,0012,1,120,2,0.00648459375319703
generator_on,0005,1,120,2,0.00648459375319703
generators_on,0005,1,120,2,0.00648459375319703
generators_on,0012,1,120,2,0.00648459375319703
going_through,0009,1,128,2,0.006079306643622216
going_through,0002,1,128,2,0.006079306643622216
going_to,0005,1,120,2,0.00648459375319703
going_to,0012,1,120,2,0.00648459375319703
gravida_ligula,0007,1,98,1,0.011012053531098213
gravida_nisi,0006,1,133,1,0.008114144707125
gravida_pulvinar,0007,1,98,1,0.011012053531098213
gravida_viverra,0006,1,133,1,0.008114144707125
handful_of,0012,1,120,2,0.00648459375319703
handful_of,0005,1,120,2,0.00648459375319703
has_a,0004,1,103,2,0.007554866508579064
has_a,0011,1,103,2,0.007554866508579064
has_been,0001,1,90,2,0.008646125004262708
has_been,0008,1,90,2,0.008646125004262708
has_roots,0002,1,128,2,0.006079306643622216
has_roots,0009,1,128,2,0.006079306643622216
has_survived,0008,1,90,2,0.008646125004262708
has_survived,0001,1,90,2,0.008646125004262708
have_evolved,0011,1,103,2,0.007554866508579064
have_evolved,0004,1,103,2,0.007554866508579064
have_suffered,0005,1,120,2,0.00648459375319703
have_suffered,0012,1,120,2,0.00648459375319703
here_content,0004,1,103,2,0.007554866508579064
here_content,0011,1,103,2,0.007554866508579064
here_making,0004,1,103,2,0.007554866508579064
here_making,0011,1,103,2,0.007554866508579064
hidden_in,0012,1,120,2,0.00648459375319703
hidden_in,0005,1,120,2,0.00648459375319703
humour_and,0004,1,103,2,0.007554866508579064
humour_and,0011,1,103,2,0.007554866508579064
humour_or,0005,2,120,2,0.01296918750639406
humour_or,0012,2,120,2,0.01296918750639406
id_vehicula,0007,1,98,1,0.011012053531098213
imperdiet_augue,0007,1,98,1,0.011012053531098213
imperdiet_nisi,0006,1,133,1,0.008114144707125
imperdiet_volutpat,0007,1,98,1,0.011012053531098213
in_45,0009,1,128,2,0.006079306643622216
in_45,0002,1,128,2,0.006079306643622216
in_Virginia,0002,1,128,2,0.006079306643622216
in_Virginia,0009,1,128,2,0.006079306643622216
in_a,0002,1,128,2,0.006079306643622216
in_a,0009,1,128,2,0.006079306643622216
in_classical,0009,1,128,2,0.006079306643622216
in_classical,0002,1,128,2,0.006079306643622216
in_consequat,0006,1,133,1,0.008114144707125
in_faucibus,0006,1,133,1,0.008114144707125
in_section,0002,1,128,2,0.006079306643622216
in_section,0009,1,128,2,0.006079306643622216
in_some,0012,1,120,2,0.00648459375319703
in_some,0005,1,120,2,0.00648459375319703
in_the,0005,1,120,4,0.0039760104559971865
in_the,0001,1,90,4,0.005301347274662916
in_the,0012,1,120,4,0.0039760104559971865
in_the,0008,1,90,4,0.005301347274662916
in_their,0010,1,46,4,0.010372201189557879
in_their,0011,1,103,4,0.004632245191453033
in_their,0004,1,103,4,0.004632245191453033
in_their,0003,1,46,4,0.010372201189557879
in_tincidunt,0006,1,133,1,0.008114144707125
including_versions,0008,1,90,2,0.008646125004262708
including_versions,0001,1,90,2,0.008646125004262708
industry_Lorem,0008,1,90,2,0.008646125004262708
industry_Lorem,0001,1,90,2,0.008646125004262708
industrys_standard,0008,1,90,2,0.008646125004262708
industrys_standard,0001,1,90,2,0.008646125004262708
infancy_Various,0011,1,103,2,0.007554866508579064
infancy_Various,0004,1,103,2,0.007554866508579064
injected_humour,0011,1,103,4,0.004632245191453033
injected_humour,0004,1,103,4,0.004632245191453033
injected_humour,0005,2,120,4,0.007952020911994373
injected_humour,0012,2,120,4,0.007952020911994373
interested_Sections,0010,1,46,2,0.01691633153007921
interested_Sections,0003,1,46,2,0.01691633153007921
into_electronic,0001,1,90,2,0.008646125004262708
into_electronic,0008,1,90,2,0.008646125004262708
ipsum_dolor,0002,1,128,3,0.004703593682249706
ipsum_dolor,0006,1,133,3,0.004526766852089943
ipsum_dolor,0009,1,128,3,0.004703593682249706
ipsum_mauris,0007,1,98,1,0.011012053531098213
ipsum_primis,0006,1,133,1,0.008114144707125
ipsum_will,0004,1,103,2,0.007554866508579064
ipsum_will,0011,1,103,2,0.007554866508579064
is_a,0009,1,128,4,0.0037275098024973628
is_a,0004,1,103,4,0.004632245191453033
is_a,0002,1,128,4,0.0037275098024973628
is_a,0011,1,103,4,0.004632245191453033
is_not,0002,1,128,2,0.006079306643622216
is_not,0009,1,128,2,0.006079306643622216
is_reproduced,0010,1,46,2,0.01691633153007921
is_reproduced,0003,1,46,2,0.01691633153007921
is_simply,0001,1,90,2,0.008646125004262708
is_simply,0008,1,90,2,0.008646125004262708
is_that,0011,1,103,2,0.007554866508579064
is_that,0004,1,103,2,0.007554866508579064
is_therefore,0012,1,120,2,0.00648459375319703
is_therefore,0005,1,120,2,0.00648459375319703
isnt_anything,0012,1,120,2,0.00648459375319703
isnt_anything,0005,1,120,2,0.00648459375319703
it_has,0011,1,103,2,0.007554866508579064
it_has,0004,1,103,2,0.007554866508579064
it_look,0011,1,103,2,0.007554866508579064
it_look,0004,1,103,2,0.007554866508579064
it_over,0002,1,128,2,0.006079306643622216
it_over,0009,1,128,2,0.006079306643622216
it_to,0008,1,90,2,0.008646125004262708
it_to,0001,1,90,2,0.008646125004262708
its_layout,0004,1,103,2,0.007554866508579064
its_layout,0011,1,103,2,0.007554866508579064
justo_magna,0006,1,133,1,0.008114144707125
justo_nisi,0007,1,98,1,0.011012053531098213
lacinia_Aliquam,0006,1,133,1,0.008114144707125
lacinia_nulla,0007,1,98,1,0.011012053531098213
lacus_Maecenas,0007,1,98,1,0.011012053531098213
layout_The,0011,1,103,2,0.007554866508579064
layout_The,0004,1,103,2,0.007554866508579064
leap_into,0001,1,90,2,0.008646125004262708
leap_into,0008,1,90,2,0.008646125004262708
leo_non,0006,1,133,1,0.008114144707125
letters_as,0011,1,103,2,0.007554866508579064
letters_as,0004,1,103,2,0.007554866508579064
libero_vitae,0006,1,133,1,0.008114144707125
ligula_tincidunt,0007,1,98,1,0.011012053531098213
like_Aldus,0001,1,90,2,0.008646125004262708
like_Aldus,0008,1,90,2,0.008646125004262708
like_readable,0004,1,103,2,0.007554866508579064
like_readable,0011,1,103,2,0.007554866508579064
line_in,0009,1,128,2,0.006079306643622216
line_in,0002,1,128,2,0.006079306643622216
line_of,0002,1,128,2,0.006079306643622216
line_of,0009,1,128,2,0.006079306643622216
literature_discovered,0009,1,128,2,0.006079306643622216
literature_discovered,0002,1,128,2,0.006079306643622216
literature_from,0009,1,128,2,0.006079306643622216
literature_from,0002,1,128,2,0.006079306643622216
long_established,0011,1,103,2,0.007554866508579064
long_established,0004,1,103,2,0.007554866508579064
look_even,0012,1,120,2,0.00648459375319703
look_even,0005,1,120,2,0.00648459375319703
look_like,0011,1,103,2,0.007554866508579064
look_like,0004,1,103,2,0.007554866508579064
looked_up,0009,1,128,2,0.006079306643622216
looked_up,0002,1,128,2,0.006079306643622216
looking_at,0004,1,103,2,0.007554866508579064
looking_at,0011,1,103,2,0.007554866508579064
looks_reasonable,0005,1,120,2,0.00648459375319703
looks_reasonable,0012,1,120,2,0.00648459375319703
lorem_ipsum,0004,1,103,2,0.007554866508579064
lorem_ipsum,0011,1,103,2,0.007554866508579064
luctus_et,0006,1,133,1,0.008114144707125
luctus_sit,0006,1,133,1,0.008114144707125
magna_aliquet,0006,1,133,1,0.008114144707125
magna_id,0007,1,98,1,0.011012053531098213
magna_nisl,0006,1,133,1,0.008114144707125
magna_tempor,0006,1,133,1,0.008114144707125
majority_have,0012,1,120,2,0.00648459375319703
majority_have,0005,1,120,2,0.00648459375319703
make_a,0001,1,90,2,0.008646125004262708
make_a,0008,1,90,2,0.008646125004262708
making_it,0009,1,128,4,0.0037275098024973628
making_it,0002,1,128,4,0.0037275098024973628
making_it,0011,1,103,4,0.004632245191453033
making_it,0004,1,103,4,0.004632245191453033
making_this,0005,1,120,2,0.00648459375319703
making_this,0012,1,120,2,0.00648459375319703
malesuada_nunc,0006,1,133,1,0.008114144707125
many_variations,0005,1,120,2,0.00648459375319703
many_variations,0012,1,120,2,0.00648459375319703
many_web,0011,1,103,2,0.007554866508579064
many_web,0004,1,103,2,0.007554866508579064
massa_aliquet,0007,1,98,1,0.011012053531098213
massa_diam,0006,1,133,1,0.008114144707125
mattis_augue,0007,1,98,1,0.011012053531098213
mauris_imperdiet,0007,1,98,1,0.011012053531098213
mauris_quis,0006,1,133,1,0.008114144707125
metus_luctus,0006,1,133,1,0.008114144707125
mi_Donec,0007,1,98,1,0.011012053531098213
mi_est,0007,1,98,1,0.011012053531098213
mi_sed,0006,1,133,1,0.008114144707125
middle_of,0012,1,120,2,0.00648459375319703
middle_of,0005,1,120,2,0.00648459375319703
model_sentence,0012,1,120,2,0.00648459375319703
model_sentence,0005,1,120,2,0.00648459375319703
model_text,0011,1,103,2,0.007554866508579064
model_text,0004,1,103,2,0.007554866508579064
mollis_arcu,0006,1,133,1,0.008114144707125
more_obscure,0002,1,128,2,0.006079306643622216
more_obscure,0009,1,128,2,0.006079306643622216
more_recently,0001,1,90,2,0.008646125004262708
more_recently,0008,1,90,2,0.008646125004262708
moreorless_normal,0011,1,103,2,0.007554866508579064
moreorless_normal,0004,1,103,2,0.007554866508579064
nec_sollicitudin,0007,1,98,1,0.011012053531098213
necessary_making,0005,1,120,2,0.00648459375319703
necessary_making,0012,1,120,2,0.00648459375319703
need_to,0012,1,120,2,0.00648459375319703
need_to,0005,1,120,2,0.00648459375319703
nibh_ornare,0006,1,133,1,0.008114144707125
nibh_sit,0007,1,98,1,0.011012053531098213
nisi_Duis,0006,1,133,1,0.008114144707125
nisi_congue,0007,1,98,1,0.011012053531098213
nisi_fringilla,0006,1,133,1,0.008114144707125
nisi_quis,0006,1,133,1,0.008114144707125
nisi_turpis,0006,1,133,1,0.008114144707125
nisi_ut,0007,1,98,1,0.011012053531098213
nisl_fringilla,0006,1,133,1,0.008114144707125
nisl_massa,0007,1,98,1,0.011012053531098213
nisl_nibh,0007,1,98,1,0.011012053531098213
non_Donec,0007,1,98,1,0.011012053531098213
non_nisi,0006,1,133,1,0.008114144707125
non_rhoncus,0007,1,98,1,0.011012053531098213
noncharacteristic_words,0005,1,120,2,0.00648459375319703
noncharacteristic_words,0012,1,120,2,0.00648459375319703
normal_distribution,0004,1,103,2,0.007554866508579064
normal_distribution,0011,1,103,2,0.007554866508579064
not_only,0001,1,90,2,0.008646125004262708
not_only,0008,1,90,2,0.008646125004262708
not_simply,0002,1,128,2,0.006079306643622216
not_simply,0009,1,128,2,0.006079306643622216
now_use,0004,1,103,2,0.007554866508579064
now_use,0011,1,103,2,0.007554866508579064
nulla_Cras,0007,1,98,1,0.011012053531098213
nulla_in,0006,1,133,1,0.008114144707125
nunc_in,0006,1,133,1,0.008114144707125
nunc_quam,0006,1,133,1,0.008114144707125
obscure_Latin,0002,1,128,2,0.006079306643622216
obscure_Latin,0009,1,128,2,0.006079306643622216
of_Good,0009,1,128,2,0.006079306643622216
of_Good,0002,1,128,2,0.006079306643622216
of_Letraset,0001,1,90,2,0.008646125004262708
of_Letraset,0008,1,90,2,0.008646125004262708
of_Lorem,0005,2,120,8,0.0029348543175946873
of_Lorem,0003,1,46,8,0.0038280708490365484
of_Lorem,0012,2,120,8,0.0029348543175946873
of_Lorem,0001,1,90,8,0.001956569545063125
of_Lorem,0008,1,90,8,0.001956569545063125
of_Lorem,0010,1,46,8,0.0038280708490365484
of_Lorem,0009,1,128,8,0.0013757129613725097
of_Lorem,0002,1,128,8,0.0013757129613725097
of_a,0004,1,103,2,0.007554866508579064
of_a,0011,1,103,2,0.007554866508579064
of_classical,0009,1,128,2,0.006079306643622216
of_classical,0002,1,128,2,0.006079306643622216
of_de,0009,1,128,2,0.006079306643622216
of_de,0002,1,128,2,0.006079306643622216
of_ethics,0009,1,128,2,0.006079306643622216
of_ethics,0002,1,128,2,0.006079306643622216
of_letters,0011,1,103,2,0.007554866508579064
of_letters,0004,1,103,2,0.007554866508579064
of_model,0012,1,120,2,0.00648459375319703
of_model,0005,1,120,2,0.00648459375319703
of_over,0012,1,120,2,0.00648459375319703
of_over,0005,1,120,2,0.00648459375319703
of_passages,0005,1,120,2,0.00648459375319703
of_passages,0012,1,120,2,0.00648459375319703
of_text,0005,1,120,2,0.00648459375319703
of_text,0012,1,120,2,0.00648459375319703
of_the,0009,2,128,4,0.0074550196049947256
of_the,0002,2,128,4,0.0074550196049947256
of_the,0001,1,90,4,0.005301347274662916
of_the,0008,1,90,4,0.005301347274662916
of_type,0008,1,90,2,0.008646125004262708
of_type,0001,1,90,2,0.008646125004262708
of_using,0011,1,103,2,0.007554866508579064
of_using,0004,1,103,2,0.007554866508579064
old_Richard,0002,1,128,2,0.006079306643622216
old_Richard,0009,1,128,2,0.006079306643622216
on_purpose,0011,1,103,2,0.007554866508579064
on_purpose,0004,1,103,2,0.007554866508579064
on_the,0005,2,120,4,0.007952020911994373
on_the,0002,1,128,4,0.0037275098024973628
on_the,0009,1,128,4,0.0037275098024973628
on_the,0012,2,120,4,0.007952020911994373
one_of,0009,1,128,2,0.006079306643622216
one_of,0002,1,128,2,0.006079306643622216
only_five,0008,1,90,2,0.008646125004262708
only_five,0001,1,90,2,0.008646125004262708
opposed_to,0004,1,103,2,0.007554866508579064
opposed_to,0011,1,103,2,0.007554866508579064
or_noncharacteristic,0012,1,120,2,0.00648459375319703
or_noncharacteristic,0005,1,120,2,0.00648459375319703
or_randomised,0005,1,120,2,0.00648459375319703
or_randomised,0012,1,120,2,0.00648459375319703
orci_luctus,0006,1,133,1,0.008114144707125
orci_pharetra,0006,1,133,1,0.008114144707125
original_form,0010,1,46,2,0.01691633153007921
original_form,0003,1,46,2,0.01691633153007921
ornare_commodo,0006,1,133,1,0.008114144707125
over_200,0005,1,120,2,0.00648459375319703
over_200,0012,1,120,2,0.00648459375319703
over_2000,0009,1,128,2,0.006079306643622216
over_2000,0002,1,128,2,0.006079306643622216
over_the,0004,1,103,2,0.007554866508579064
over_the,0011,1,103,2,0.007554866508579064
packages_and,0011,1,103,2,0.007554866508579064
packages_and,0004,1,103,2,0.007554866508579064
page_editors,0004,1,103,2,0.007554866508579064
page_editors,0011,1,103,2,0.007554866508579064
page_when,0004,1,103,2,0.007554866508579064
page_when,0011,1,103,2,0.007554866508579064
passage_and,0002,1,128,2,0.006079306643622216
passage_and,0009,1,128,2,0.006079306643622216
passage_of,0012,1,120,2,0.00648459375319703
passage_of,0005,1,120,2,0.00648459375319703
passages_and,0008,1,90,2,0.008646125004262708
passages_and,0001,1,90,2,0.008646125004262708
passages_of,0012,1,120,2,0.00648459375319703
passages_of,0005,1,120,2,0.00648459375319703
pellentesque_ultrices,0006,1,133,1,0.008114144707125
pharetra_vel,0006,1,133,1,0.008114144707125
piece_of,0002,1,128,2,0.006079306643622216
piece_of,0009,1,128,2,0.006079306643622216
placerat_tortor,0007,1,98,1,0.011012053531098213
point_of,0004,1,103,2,0.007554866508579064
point_of,0011,1,103,2,0.007554866508579064
popular_belief,0002,1,128,2,0.006079306643622216
popular_belief,0009,1,128,2,0.006079306643622216
popular_during,0009,1,128,2,0.006079306643622216
popular_during,0002,1,128,2,0.006079306643622216
popularised_in,0008,1,90,2,0.008646125004262708
popularised_in,0001,1,90,2,0.008646125004262708
porta_faucibus,0007,1,98,1,0.011012053531098213
porttitor_dolor,0007,1,98,1,0.011012053531098213
posuere_Cras,0006,1,133,1,0.008114144707125
posuere_cubilia,0006,1,133,1,0.008114144707125
predefined_chunks,0012,1,120,2,0.00648459375319703
predefined_chunks,0005,1,120,2,0.00648459375319703
pretium_feugiat,0007,1,98,1,0.011012053531098213
primis_in,0006,1,133,1,0.008114144707125
printer_took,0001,1,90,2,0.008646125004262708
printer_took,0008,1,90,2,0.008646125004262708
printing_and,0001,1,90,2,0.008646125004262708
printing_and,0008,1,90,2,0.008646125004262708
professor_at,0002,1,128,2,0.006079306643622216
professor_at,0009,1,128,2,0.006079306643622216
publishing_packages,0011,1,103,2,0.007554866508579064
publishing_packages,0004,1,103,2,0.007554866508579064
publishing_software,0008,1,90,2,0.008646125004262708
publishing_software,0001,1,90,2,0.008646125004262708
pulvinar_nisi,0007,1,98,1,0.011012053531098213
purpose_injected,0004,1,103,2,0.007554866508579064
purpose_injected,0011,1,103,2,0.007554866508579064
purus_sodales,0007,1,98,1,0.011012053531098213
quam_semper,0006,1,133,1,0.008114144707125
quis_bibendum,0006,1,133,1,0.008114144707125
quis_diam,0007,1,98,1,0.011012053531098213
quis_viverra,0006,1,133,1,0.008114144707125
random_text,0002,1,128,2,0.006079306643622216
random_text,0009,1,128,2,0.006079306643622216
randomised_words,0005,1,120,2,0.00648459375319703
randomised_words,0012,1,120,2,0.00648459375319703
readable_English,0004,1,103,2,0.007554866508579064
readable_English,0011,1,103,2,0.007554866508579064
readable_content,0011,1,103,2,0.007554866508579064
readable_content,0004,1,103,2,0.007554866508579064
reader_will,0011,1,103,2,0.007554866508579064
reader_will,0004,1,103,2,0.007554866508579064
reasonable_The,0012,1,120,2,0.00648459375319703
reasonable_The,0005,1,120,2,0.00648459375319703
recently_with,0008,1,90,2,0.008646125004262708
recently_with,0001,1,90,2,0.008646125004262708
release_of,0008,1,90,2,0.008646125004262708
release_of,0001,1,90,2,0.008646125004262708
remaining_essentially,0008,1,90,2,0.008646125004262708
remaining_essentially,0001,1,90,2,0.008646125004262708
repeat_predefined,0012,1,120,2,0.00648459375319703
repeat_predefined,0005,1,120,2,0.00648459375319703
repetition_injected,0012,1,120,2,0.00648459375319703
repetition_injected,0005,1,120,2,0.00648459375319703
reproduced_below,0003,1,46,2,0.01691633153007921
reproduced_below,0010,1,46,2,0.01691633153007921
reproduced_in,0010,1,46,2,0.01691633153007921
reproduced_in,0003,1,46,2,0.01691633153007921
rhoncus_velit,0007,1,98,1,0.011012053531098213
roots_in,0009,1,128,2,0.006079306643622216
roots_in,0002,1,128,2,0.006079306643622216
rutrum_Ut,0006,1,133,1,0.008114144707125
sapien_vehicula,0006,1,133,1,0.008114144707125
scelerisque_vel,0007,1,98,1,0.011012053531098213
scrambled_it,0008,1,90,2,0.008646125004262708
scrambled_it,0001,1,90,2,0.008646125004262708
search_for,0011,1,103,2,0.007554866508579064
search_for,0004,1,103,2,0.007554866508579064
section_11032,0002,1,128,2,0.006079306643622216
section_11032,0009,1,128,2,0.006079306643622216
sections_11032,0009,1,128,2,0.006079306643622216
sections_11032,0002,1,128,2,0.006079306643622216
sed_Nunc,0007,1,98,1,0.011012053531098213
sed_faucibus,0007,1,98,1,0.011012053531098213
sed_magna,0006,1,133,1,0.008114144707125
sem_Donec,0006,1,133,1,0.008114144707125
semper_metus,0006,1,133,1,0.008114144707125
semper_mollis,0006,1,133,1,0.008114144707125
semper_tortor,0006,1,133,1,0.008114144707125
sentence_structures,0005,1,120,2,0.00648459375319703
sentence_structures,0012,1,120,2,0.00648459375319703
sheets_containing,0008,1,90,2,0.008646125004262708
sheets_containing,0001,1,90,2,0.008646125004262708
simply_dummy,0008,1,90,2,0.008646125004262708
simply_dummy,0001,1,90,2,0.008646125004262708
simply_random,0002,1,128,2,0.006079306643622216
simply_random,0009,1,128,2,0.006079306643622216
since_the,0010,1,46,4,0.010372201189557879
since_the,0001,1,90,4,0.005301347274662916
since_the,0008,1,90,4,0.005301347274662916
since_the,0003,1,46,4,0.010372201189557879
sit_amet,0007,1,98,4,0.00486858423183329
sit_amet,0002,1,128,4,0.0037275098024973628
sit_amet,0006,6,133,4,0.021524267130210335
sit_amet,0009,1,128,4,0.0037275098024973628
sites_still,0004,1,103,2,0.007554866508579064
sites_still,0011,1,103,2,0.007554866508579064
slightly_believable,0012,1,120,2,0.00648459375319703
slightly_believable,0005,1,120,2,0.00648459375319703
sodales_fermentum,0007,1,98,1,0.011012053531098213
software_like,0001,1,90,2,0.008646125004262708
software_like,0008,1,90,2,0.008646125004262708
sollicitudin_ex,0007,1,98,1,0.011012053531098213
sollicitudin_nisl,0007,1,98,1,0.011012053531098213
some_form,0005,1,120,2,0.00648459375319703
some_form,0012,1,120,2,0.00648459375319703
sometimes_by,0011,1,103,2,0.007554866508579064
sometimes_by,0004,1,103,2,0.007554866508579064
sometimes_on,0004,1,103,2,0.007554866508579064
sometimes_on,0011,1,103,2,0.007554866508579064
source_Lorem,0002,1,128,2,0.006079306643622216
source_Lorem,0009,1,128,2,0.006079306643622216
specimen_book,0001,1,90,2,0.008646125004262708
specimen_book,0008,1,90,2,0.008646125004262708
standard_chunk,0010,1,46,2,0.01691633153007921
standard_chunk,0003,1,46,2,0.01691633153007921
standard_dummy,0008,1,90,2,0.008646125004262708
standard_dummy,0001,1,90,2,0.008646125004262708
still_in,0004,1,103,2,0.007554866508579064
still_in,0011,1,103,2,0.007554866508579064
structures_to,0005,1,120,2,0.00648459375319703
structures_to,0012,1,120,2,0.00648459375319703
suffered_alteration,0012,1,120,2,0.00648459375319703
suffered_alteration,0005,1,120,2,0.00648459375319703
sure_there,0012,1,120,2,0.00648459375319703
sure_there,0005,1,120,2,0.00648459375319703
survived_not,0008,1,90,2,0.008646125004262708
survived_not,0001,1,90,2,0.008646125004262708
suscipit_Cras,0007,1,98,1,0.011012053531098213
tempor_rutrum,0006,1,133,1,0.008114144707125
tempus_justo,0006,1,133,1,0.008114144707125
tend_to,0012,1,120,2,0.00648459375319703
tend_to,0005,1,120,2,0.00648459375319703
text_All,0012,1,120,2,0.00648459375319703
text_All,0005,1,120,2,0.00648459375319703
text_It,0002,1,128,2,0.006079306643622216
text_It,0009,1,128,2,0.006079306643622216
text_and,0004,1,103,2,0.007554866508579064
text_and,0011,1,103,2,0.007554866508579064
text_ever,0008,1,90,2,0.008646125004262708
text_ever,0001,1,90,2,0.008646125004262708
text_of,0001,1,90,2,0.008646125004262708
text_of,0008,1,90,2,0.008646125004262708
that_a,0011,1,103,2,0.007554866508579064
that_a,0004,1,103,2,0.007554866508579064
that_it,0011,1,103,2,0.007554866508579064
that_it,0004,1,103,2,0.007554866508579064
the_1500s,0008,1,90,4,0.005301347274662916
the_1500s,0010,1,46,4,0.010372201189557879
the_1500s,0001,1,90,4,0.005301347274662916
the_1500s,0003,1,46,4,0.010372201189557879
the_1914,0003,1,46,2,0.01691633153007921
the_1914,0010,1,46,2,0.01691633153007921
the_1960s,0008,1,90,2,0.008646125004262708
the_1960s,0001,1,90,2,0.008646125004262708
the_Internet,0005,2,120,2,0.01296918750639406
the_Internet,0012,2,120,2,0.01296918750639406
the_Lorem,0005,1,120,2,0.00648459375319703
the_Lorem,0012,1,120,2,0.00648459375319703
the_Renaissance,0009,1,128,2,0.006079306643622216
the_Renaissance,0002,1,128,2,0.006079306643622216
the_cites,0009,1,128,2,0.006079306643622216
the_cites,0002,1,128,2,0.006079306643622216
the_first,0005,1,120,2,0.00648459375319703
the_first,0012,1,120,2,0.00648459375319703
the_industrys,0008,1,90,2,0.008646125004262708
the_industrys,0001,1,90,2,0.008646125004262708
the_leap,0001,1,90,2,0.008646125004262708
the_leap,0008,1,90,2,0.008646125004262708
the_like,0004,1,103,2,0.007554866508579064
the_like,0011,1,103,2,0.007554866508579064
the_majority,0012,1,120,2,0.00648459375319703
the_majority,0005,1,120,2,0.00648459375319703
the_middle,0005,1,120,2,0.00648459375319703
the_middle,0012,1,120,2,0.00648459375319703
the_more,0009,1,128,2,0.006079306643622216
the_more,0002,1,128,2,0.006079306643622216
the_printing,0008,1,90,2,0.008646125004262708
the_printing,0001,1,90,2,0.008646125004262708
the_readable,0011,1,103,2,0.007554866508579064
the_readable,0004,1,103,2,0.007554866508579064
the_release,0008,1,90,2,0.008646125004262708
the_release,0001,1,90,2,0.008646125004262708
the_theory,0002,1,128,2,0.006079306643622216
the_theory,0009,1,128,2,0.006079306643622216
the_undoubtable,0009,1,128,2,0.006079306643622216
the_undoubtable,0002,1,128,2,0.006079306643622216
the_word,0002,1,128,2,0.006079306643622216
the_word,0009,1,128,2,0.006079306643622216
the_years,0011,1,103,2,0.007554866508579064
the_years,0004,1,103,2,0.007554866508579064
their_default,0004,1,103,2,0.007554866508579064
their_default,0011,1,103,2,0.007554866508579064
their_exact,0010,1,46,2,0.01691633153007921
their_exact,0003,1,46,2,0.01691633153007921
their_infancy,0011,1,103,2,0.007554866508579064
their_infancy,0004,1,103,2,0.007554866508579064
theory_of,0002,1,128,2,0.006079306643622216
theory_of,0009,1,128,2,0.006079306643622216
there_isnt,0012,1,120,2,0.00648459375319703
there_isnt,0005,1,120,2,0.00648459375319703
therefore_always,0012,1,120,2,0.00648459375319703
therefore_always,0005,1,120,2,0.00648459375319703
this_the,0005,1,120,2,0.00648459375319703
this_the,0012,1,120,2,0.00648459375319703
those_interested,0010,1,46,2,0.01691633153007921
those_interested,0003,1,46,2,0.01691633153007921
through_the,0009,1,128,2,0.006079306643622216
through_the,0002,1,128,2,0.006079306643622216
tincidunt_dui,0006,1,133,1,0.008114144707125
tincidunt_fermentum,0007,1,98,1,0.011012053531098213
tincidunt_posuere,0006,1,133,1,0.008114144707125
to_be,0012,1,120,2,0.00648459375319703
to_be,0005,1,120,2,0.00648459375319703
to_generate,0005,1,120,2,0.00648459375319703
to_generate,0012,1,120,2,0.00648459375319703
to_make,0001,1,90,2,0.008646125004262708
to_make,0008,1,90,2,0.008646125004262708
to_popular,0009,1,128,2,0.006079306643622216
to_popular,0002,1,128,2,0.006079306643622216
to_repeat,0005,1,120,2,0.00648459375319703
to_repeat,0012,1,120,2,0.00648459375319703
to_use,0012,1,120,2,0.00648459375319703
to_use,0005,1,120,2,0.00648459375319703
to_using,0011,1,103,2,0.007554866508579064
to_using,0004,1,103,2,0.007554866508579064
took_a,0008,1,90,2,0.008646125004262708
took_a,0001,1,90,2,0.008646125004262708
tortor_Cras,0006,1,133,1,0.008114144707125
tortor_vehicula,0007,1,98,1,0.011012053531098213
translation_by,0003,1,46,2,0.01691633153007921
translation_by,0010,1,46,2,0.01691633153007921
treatise_on,0009,1,128,2,0.006079306643622216
treatise_on,0002,1,128,2,0.006079306643622216
true_generator,0012,1,120,2,0.00648459375319703
true_generator,0005,1,120,2,0.00648459375319703
turpis_sit,0006,1,133,1,0.008114144707125
type_and,0008,1,90,2,0.008646125004262708
type_and,0001,1,90,2,0.008646125004262708
type_specimen,0001,1,90,2,0.008646125004262708
type_specimen,0008,1,90,2,0.008646125004262708
typesetting_industry,0001,1,90,2,0.008646125004262708
typesetting_industry,0008,1,90,2,0.008646125004262708
typesetting_remaining,0001,1,90,2,0.008646125004262708
typesetting_remaining,0008,1,90,2,0.008646125004262708
ullamcorper_Praesent,0006,1,133,1,0.008114144707125
ultrices_Pellentesque,0006,1,133,1,0.008114144707125
ultrices_posuere,0006,1,133,1,0.008114144707125
ultricies_Nulla,0006,1,133,1,0.008114144707125
unchanged_It,0001,1,90,2,0.008646125004262708
unchanged_It,0008,1,90,2,0.008646125004262708
uncover_many,0011,1,103,2,0.007554866508579064
uncover_many,0004,1,103,2,0.007554866508579064
undoubtable_source,0002,1,128,2,0.006079306643622216
undoubtable_source,0009,1,128,2,0.006079306643622216
unknown_printer,0008,1,90,2,0.008646125004262708
unknown_printer,0001,1,90,2,0.008646125004262708
up_one,0009,1,128,2,0.006079306643622216
up_one,0002,1,128,2,0.006079306643622216
use_Lorem,0011,1,103,2,0.007554866508579064
use_Lorem,0004,1,103,2,0.007554866508579064
use_a,0005,1,120,2,0.00648459375319703
use_a,0012,1,120,2,0.00648459375319703
used_since,0010,1,46,2,0.01691633153007921
used_since,0003,1,46,2,0.01691633153007921
uses_a,0005,1,120,2,0.00648459375319703
uses_a,0012,1,120,2,0.00648459375319703
using_Content,0004,1,103,2,0.007554866508579064
using_Content,0011,1,103,2,0.007554866508579064
using_Lorem,0004,1,103,2,0.007554866508579064
using_Lorem,0011,1,103,2,0.007554866508579064
ut_dapibus,0007,1,98,1,0.011012053531098213
ut_lacinia,0007,1,98,1,0.011012053531098213
variations_of,0012,1,120,2,0.00648459375319703
variations_of,0005,1,120,2,0.00648459375319703
varius_diam,0007,1,98,1,0.011012053531098213
vehicula_lacinia,0006,1,133,1,0.008114144707125
vehicula_sed,0007,1,98,1,0.011012053531098213
vehicula_venenatis,0007,1,98,1,0.011012053531098213
vel_Cras,0006,1,133,1,0.008114144707125
vel_viverra,0007,1,98,1,0.011012053531098213
velit_Suspendisse,0007,1,98,1,0.011012053531098213
velit_ac,0006,1,133,1,0.008114144707125
venenatis_ipsum,0007,1,98,1,0.011012053531098213
venenatis_tempus,0006,1,133,1,0.008114144707125
versions_from,0010,1,46,2,0.01691633153007921
versions_from,0003,1,46,2,0.01691633153007921
versions_have,0011,1,103,2,0.007554866508579064
versions_have,0004,1,103,2,0.007554866508579064
versions_of,0001,1,90,2,0.008646125004262708
versions_of,0008,1,90,2,0.008646125004262708
very_popular,0002,1,128,2,0.006079306643622216
very_popular,0009,1,128,2,0.006079306643622216
vitae_augue,0006,1,133,1,0.008114144707125
vitae_leo,0007,1,98,1,0.011012053531098213
viverra_Donec,0006,1,133,1,0.008114144707125
viverra_orci,0006,1,133,1,0.008114144707125
viverra_purus,0007,1,98,1,0.011012053531098213
viverra_vitae,0007,1,98,1,0.011012053531098213
volutpat_ante,0007,1,98,1,0.011012053531098213
vulputate_gravida,0006,1,133,1,0.008114144707125
was_popularised,0001,1,90,2,0.008646125004262708
was_popularised,0008,1,90,2,0.008646125004262708
web_page,0011,1,103,2,0.007554866508579064
web_page,0004,1,103,2,0.007554866508579064
web_sites,0004,1,103,2,0.007554866508579064
web_sites,0011,1,103,2,0.007554866508579064
when_an,0001,1,90,2,0.008646125004262708
when_an,0008,1,90,2,0.008646125004262708
when_looking,0004,1,103,2,0.007554866508579064
when_looking,0011,1,103,2,0.007554866508579064
which_dont,0005,1,120,2,0.00648459375319703
which_dont,0012,1,120,2,0.00648459375319703
which_looks,0005,1,120,2,0.00648459375319703
which_looks,0012,1,120,2,0.00648459375319703
will_be,0011,1,103,2,0.007554866508579064
will_be,0004,1,103,2,0.007554866508579064
will_uncover,0011,1,103,2,0.007554866508579064
will_uncover,0004,1,103,2,0.007554866508579064
with_a,0012,1,120,2,0.00648459375319703
with_a,0005,1,120,2,0.00648459375319703
with_desktop,0008,1,90,2,0.008646125004262708
with_desktop,0001,1,90,2,0.008646125004262708
with_the,0008,1,90,2,0.008646125004262708
with_the,0001,1,90,2,0.008646125004262708
word_in,0009,1,128,2,0.006079306643622216
word_in,0002,1,128,2,0.006079306643622216
words_combined,0005,1,120,2,0.00648459375319703
words_combined,0012,1,120,2,0.00648459375319703
words_consectetur,0002,1,128,2,0.006079306643622216
words_consectetur,0009,1,128,2,0.006079306643622216
words_etc,0005,1,120,2,0.00648459375319703
words_etc,0012,1,120,2,0.00648459375319703
words_which,0012,1,120,2,0.00648459375319703
words_which,0005,1,120,2,0.00648459375319703
written_in,0002,1,128,2,0.006079306643622216
written_in,0009,1,128,2,0.006079306643622216
years_old,0002,1,128,2,0.006079306643622216
years_old,0009,1,128,2,0.006079306643622216
years_sometimes,0004,1,103,2,0.007554866508579064
years_sometimes,0011,1,103,2,0.007554866508579064
you_are,0012,1,120,2,0.00648459375319703
you_are,0005,1,120,2,0.00648459375319703
you_need,0012,1,120,2,0.00648459375319703
you_need,0005,1,120,2,0.00648459375319703
